<?xml version="1.0" encoding="ISO-8859-1"?>
<!-- XML generated by UTFXML Version 2.2 built 19-Aug-2010 -->
<UTFXML filename="bm_beartrap_mine.3db" path="BMOD\EQUIPMENT\MODELS\MISC">
   <UTF_ROOT>
      <VMeshLibrary>
         <data.equipment.models.mines.co_beartrap.lod0-112.vms include="bm_beartrap_mine_3db\lod0-112.vms.xml"/>
      </VMeshLibrary>
      <Exporter_Version name="Exporter Version" type="text">Mar 27 2002 10:56:07</Exporter_Version>
      <Hardpoints>
         <Fixed>
            <HPMOUNT>
               <Orientation type="Matrix">
                   -1.0000000000,  43.711378e-09,  218.55692e-09,
                  -43.711342e-09,  -1.0000000000,  168.58743e-09,
                   218.55693e-09,  168.58742e-09,   1.0000000000
               </Orientation>
               <Position type="Vector">0.47833407, -0.03079237, 0.015186524</Position>
            </HPMOUNT>
            <HpRunningLight01>
               <Orientation type="Matrix">
                    1.0000000000, -14.098522e-24,  211.75824e-24,
                   14.098522e-24,   1.0000000000, -145.58379e-24,
                  -211.75824e-24,  145.58379e-24,   1.0000000000
               </Orientation>
               <Position type="Vector">0.12116035, -0.16258433, 0.92423755</Position>
            </HpRunningLight01>
            <HpRunningLight02>
               <Orientation type="Matrix">
                    1.0000000000, -14.098522e-24,  211.75824e-24,
                   14.098522e-24,   1.0000000000, -145.58379e-24,
                  -211.75824e-24,  145.58379e-24,   1.0000000000
               </Orientation>
               <Position type="Vector">-0.017487718, -0.24779619, -0.80956429</Position>
            </HpRunningLight02>
            <HpRunningLight03>
               <Orientation type="Matrix">
                    1.0000000000, -14.098522e-24,  211.75824e-24,
                   14.098522e-24,   1.0000000000, -145.58379e-24,
                  -211.75824e-24,  145.58379e-24,   1.0000000000
               </Orientation>
               <Position type="Vector">0.19085205, -1.5317879, 0.093505271</Position>
            </HpRunningLight03>
            <HPFX01>
               <Orientation type="Matrix">
                    1.0000000000, -14.098522e-24,  211.75824e-24,
                   14.098522e-24,   1.0000000000, -145.58379e-24,
                  -211.75824e-24,  145.58379e-24,   1.0000000000
               </Orientation>
               <Position type="Vector">0.077584989, 1.4292076, 0.10413537</Position>
            </HPFX01>
         </Fixed>
         <Revolute>
            <HpExhaust>
               <Axis type="Vector">0, 1, 0</Axis>
               <Max type="float">6.2831855</Max>
               <Min type="float">-6.2831855</Min>
               <Orientation type="Matrix">
                    1.0000000000, -14.098522e-24,  211.75824e-24,
                   14.098522e-24,   1.0000000000, -145.58379e-24,
                  -211.75824e-24,  145.58379e-24,   1.0000000000
               </Orientation>
               <Position type="Vector">0.042123217, 0.3187286, 0.22452405</Position>
            </HpExhaust>
         </Revolute>
      </Hardpoints>
      <VMeshPart>
         <VMeshRef type="VMeshRef">
            <!-- header size  --> 60,
            <!-- vmesh lib    --> data.equipment.models.mines.co_beartrap.lod0-112.vms,
            <!-- start vert   --> 0,
            <!-- num verts    --> 418,
            <!-- start index  --> 0,
            <!-- num indices  --> 618,
            <!-- start mesh   --> 0,
            <!-- num meshes   --> 2,
            <!-- bounding box -->   0.47789794,  1.4288263,    0.9243679,
                                   -0.47789744, -1.5417322,   -0.80925608,
            <!-- center       --> 993.77427e-6, -0.060349356,  0.05778008,
            <!-- radius       --> 1.4940655
         </VMeshRef>
      </VMeshPart>
      <VMeshWire include="bm_beartrap_mine_3db\bm_beartrap_mine.vwd.xml"/>
   </UTF_ROOT>
</UTFXML>
