<?xml version="1.0" encoding="ISO-8859-1"?>
<!-- XML generated by UTFXML Version 2.2 built 19-Aug-2010 -->
<UTFXML filename="bm_cv_vhf.cmp" path="BMOD\SHIPS\MODELS\bm_cv_vhf">
   <UTF_ROOT>
      <VMeshLibrary>
         <bm_cv_vhf.lod0-112.vms include="bm_cv_vhf_cmp\lod0-112.vms.xml"/>
         <bm_cv_vhf.lod1-112.vms include="bm_cv_vhf_cmp\lod1-112.vms.xml"/>
         <bm_cv_vhf.lod2-112.vms include="bm_cv_vhf_cmp\lod2-112.vms.xml"/>
      </VMeshLibrary>
      <Animation include="bm_cv_vhf_cmp\Animation.xml"/>
      <Exporter_Version name="Exporter Version" type="text">MAXLancer Tools 0.97</Exporter_Version>
      <Cmpnd>
         <Cons>
            <Fix type="Fix" count="7">
               <part>
                  <!-- parent      --> "Root",
                  <!-- child       --> "glass_lod1",
                  <!-- position    --> 0.0076644351, -0.42067632, -5.8786902,
                  <!-- orientation -->   1.0000000000, -2.8419345e-15, -7.8162074e-15,
                                        2.8419349e-15,   1.0000000000,  59.604645e-09,
                                        7.8162074e-15, -59.604645e-09,   1.0000000000
               </part>
               <part>
                  <!-- parent      --> "Root",
                  <!-- child       --> "cv_star_wing_lod1",
                  <!-- position    --> 6.603075, 0.47496361, 2.3629012,
                  <!-- orientation -->   1.0000000000,  710.77923e-18, -710.77986e-18,
                                       -710.77917e-18,   1.0000000000,  59.604645e-09,
                                        710.77992e-18, -59.604645e-09,   1.0000000000
               </part>
               <part>
                  <!-- parent      --> "Root",
                  <!-- child       --> "cv_port_wing_lod1",
                  <!-- position    --> -6.6044717, 0.47496304, 2.3629019,
                  <!-- orientation -->   1.0000000000,  710.77923e-18, -710.77986e-18,
                                       -710.77917e-18,   1.0000000000,  59.604645e-09,
                                        710.77992e-18, -59.604645e-09,   1.0000000000
               </part>
               <part>
                  <!-- parent      --> "Root",
                  <!-- child       --> "cv_engine01_lod1",
                  <!-- position    --> 0.0076658442, 0.71443486, 7.3406925,
                  <!-- orientation -->   1.0000000000,  1.6580909e-15, -1.6580913e-15,
                                       -1.6580909e-15,   1.0000000000,  1.9106859e-15,
                                        1.6580913e-15, -1.9106859e-15,   1.0000000000
               </part>
               <part>
                  <!-- parent      --> "Root",
                  <!-- child       --> "cv_topfin_lod1",
                  <!-- position    --> 0.0057056439, 3.8290684, 3.3501563,
                  <!-- orientation -->   1.0000000000,  710.77923e-18, -710.77986e-18,
                                       -710.77917e-18,   1.0000000000,  59.604645e-09,
                                        710.77992e-18, -59.604645e-09,   1.0000000000
               </part>
               <part>
                  <!-- parent      --> "Root",
                  <!-- child       --> "cv_engine02_lod1",
                  <!-- position    --> 0.0076659219, -1.054022, 7.3406925,
                  <!-- orientation -->   1.0000000000,  1.6580909e-15, -1.6580913e-15,
                                       -1.6580909e-15,   1.0000000000,  1.9106859e-15,
                                        1.6580913e-15, -1.9106859e-15,   1.0000000000
               </part>
               <part>
                  <!-- parent      --> "Root",
                  <!-- child       --> "cv_btmwing_lod1",
                  <!-- position    --> 0.0075721554, -1.65302, 6.8688269,
                  <!-- orientation -->   1.0000000000,  710.77923e-18, -710.77986e-18,
                                       -710.77917e-18,   1.0000000000,  59.604645e-09,
                                        710.77992e-18, -59.604645e-09,   1.0000000000
               </part>
            </Fix>
            <Pris type="Rev" count="1">
               <part>
                  <!-- parent      --> "Root",
                  <!-- child       --> "baydoor_lod1",
                  <!-- position    --> 0.012608243, -1.7288634, -1.5525916,
                  <!-- offset      --> 0, 0, 0,
                  <!-- orientation -->   1.0000000000,  21.616193e-09, -7.7887199e-09,
                                       -19.200696e-09,   0.9723699100,   0.2334453900,
                                        12.619718e-09,  -0.2334453900,   0.9723699100,
                  <!-- axis        --> -6.9540578e-09,   0.2748161000,   0.9614968300,
                  <!-- min, max    --> 0, 3.2333326
               </part>
            </Pris>
         </Cons>
         <Part_glass_lod1>
            <Object_name name="Object name" type="text">glass_lod1</Object_name>
            <Index type="int">0</Index>
            <File_name name="File name" type="text">glass_lod1231209151414.3db</File_name>
         </Part_glass_lod1>
         <Part_cv_star_wing_lod1>
            <Object_name name="Object name" type="text">cv_star_wing_lod1</Object_name>
            <Index type="int">0</Index>
            <File_name name="File name" type="text">cv_star_wing_lod1231209151414.3db</File_name>
         </Part_cv_star_wing_lod1>
         <Part_cv_port_wing_lod1>
            <Object_name name="Object name" type="text">cv_port_wing_lod1</Object_name>
            <Index type="int">0</Index>
            <File_name name="File name" type="text">cv_port_wing_lod1231209151414.3db</File_name>
         </Part_cv_port_wing_lod1>
         <Part_cv_engine01_lod1>
            <Object_name name="Object name" type="text">cv_engine01_lod1</Object_name>
            <Index type="int">0</Index>
            <File_name name="File name" type="text">cv_engine01_lod1231209151414.3db</File_name>
         </Part_cv_engine01_lod1>
         <Part_cv_topfin_lod1>
            <Object_name name="Object name" type="text">cv_topfin_lod1</Object_name>
            <Index type="int">0</Index>
            <File_name name="File name" type="text">cv_topfin_lod1231209151414.3db</File_name>
         </Part_cv_topfin_lod1>
         <Part_cv_engine02_lod1>
            <Object_name name="Object name" type="text">cv_engine02_lod1</Object_name>
            <Index type="int">0</Index>
            <File_name name="File name" type="text">cv_engine02_lod1231209151414.3db</File_name>
         </Part_cv_engine02_lod1>
         <Part_cv_btmwing_lod1>
            <Object_name name="Object name" type="text">cv_btmwing_lod1</Object_name>
            <Index type="int">0</Index>
            <File_name name="File name" type="text">cv_btmwing_lod1231209151414.3db</File_name>
         </Part_cv_btmwing_lod1>
         <Part_baydoor_lod1>
            <Object_name name="Object name" type="text">baydoor_lod1</Object_name>
            <Index type="int">0</Index>
            <File_name name="File name" type="text">baydoor_lod1231209151414.3db</File_name>
         </Part_baydoor_lod1>
         <Root>
            <Object_name name="Object name" type="text">Root</Object_name>
            <Index type="int">0</Index>
            <File_name name="File name" type="text">bm_cv_vhf231209151414.3db</File_name>
         </Root>
      </Cmpnd>
      <bm_cv_vhf231209151414.3db>
         <MultiLevel>
            <Switch2 type="float array" count="4">
               0,
               100,
               1000,
               1000000
            </Switch2>
            <Level0>
               <VMeshPart>
                  <VMeshRef type="VMeshRef">
                     <!-- header size  --> 60,
                     <!-- vmesh lib    --> bm_cv_vhf.lod0-112.vms,
                     <!-- start vert   --> 0,
                     <!-- num verts    --> 904,
                     <!-- start index  --> 0,
                     <!-- num indices  --> 1596,
                     <!-- start mesh   --> 0,
                     <!-- num meshes   --> 8,
                     <!-- bounding box -->  3.2332258,   2.1068246,    7.045785,
                                           -3.2323654,  -2.3063517,   -7.1760321,
                     <!-- center       --> -0.16615565,  0.037014283,  0.33870238,
                     <!-- radius       --> 7.798615
                  </VMeshRef>
               </VMeshPart>
            </Level0>
            <Level1>
               <VMeshPart>
                  <VMeshRef type="VMeshRef">
                     <!-- header size  --> 60,
                     <!-- vmesh lib    --> bm_cv_vhf.lod1-112.vms,
                     <!-- start vert   --> 0,
                     <!-- num verts    --> 504,
                     <!-- start index  --> 0,
                     <!-- num indices  --> 879,
                     <!-- start mesh   --> 0,
                     <!-- num meshes   --> 7,
                     <!-- bounding box -->  3.2337029,   2.1068246,    7.0457835,
                                           -3.2322786,  -2.1068246,   -7.1112113,
                     <!-- center       --> -0.16615565,  0.037014283,  0.33870238,
                     <!-- radius       --> 7.7992353
                  </VMeshRef>
               </VMeshPart>
            </Level1>
            <Level2>
               <VMeshPart>
                  <VMeshRef type="VMeshRef">
                     <!-- header size  --> 60,
                     <!-- vmesh lib    --> bm_cv_vhf.lod2-112.vms,
                     <!-- start vert   --> 0,
                     <!-- num verts    --> 265,
                     <!-- start index  --> 0,
                     <!-- num indices  --> 432,
                     <!-- start mesh   --> 0,
                     <!-- num meshes   --> 5,
                     <!-- bounding box -->  3.2337029,   2.1068246,    7.0457835,
                                           -3.2322786,  -2.1068246,   -7.0458412,
                     <!-- center       --> -0.16615565,  0.037014283,  0.33870238,
                     <!-- radius       --> 7.7992353
                  </VMeshRef>
               </VMeshPart>
            </Level2>
         </MultiLevel>
         <VMeshWire include="bm_cv_vhf_cmp\bm_cv_vhf.vwd.xml"/>
         <Hardpoints>
            <Fixed>
               <HpRunningLight03>
                  <Position type="Vector">-3.2268386, 2.2508874, 7.0430355</Position>
                  <Orientation type="Matrix">
                       1.0000000000,   0.0000000000,   0.0000000000,
                       0.0000000000,  -1.0000000000,  150.99580e-09,
                       0.0000000000, -150.99580e-09,  -1.0000000000
                  </Orientation>
               </HpRunningLight03>
               <HpRunningLight04>
                  <Position type="Vector">3.2243931, 2.2508876, 7.0430379</Position>
                  <Orientation type="Matrix">
                       1.0000000000,   0.0000000000,   0.0000000000,
                       0.0000000000,  -1.0000000000,  150.99580e-09,
                       0.0000000000, -150.99580e-09,  -1.0000000000
                  </Orientation>
               </HpRunningLight04>
               <DpEngine01>
                  <Position type="Vector">0.0036091669, 0.71300089, 6.674674</Position>
                  <Orientation type="Matrix">
                       1.0000000000,   0.0000000000,  64.078961e-09,
                       0.0000000000,   1.0000000000,   0.0000000000,
                     -64.078961e-09,   0.0000000000,   1.0000000000
                  </Orientation>
               </DpEngine01>
               <HpBayDoor01>
                  <Position type="Vector">0.0076625738, -1.0848395, -1.5577612</Position>
                  <Orientation type="Matrix">
                      313.91647e-09,  325.84137e-09,  -1.0000000000,
                       0.0000000000,  -1.0000000000, -325.84137e-09,
                      -1.0000000000,  102.28697e-15, -313.91647e-09
                  </Orientation>
               </HpBayDoor01>
               <HpBayDoor02>
                  <Position type="Vector">0.0076626493, -2.8128304, -1.5577614</Position>
                  <Orientation type="Matrix">
                      313.91647e-09,  325.84137e-09,  -1.0000000000,
                       0.0000000000,  -1.0000000000, -325.84137e-09,
                      -1.0000000000,  102.28697e-15, -313.91647e-09
                  </Orientation>
               </HpBayDoor02>
               <HpCloak01>
                  <Position type="Vector">0.013703085, 0.20572868, 0.28686941</Position>
                  <Orientation type="Matrix">
                       1.0000000000,   0.0000000000,   0.0000000000,
                       0.0000000000,  313.91647e-09,   1.0000000000,
                       0.0000000000,  -1.0000000000,  313.91647e-09
                  </Orientation>
               </HpCloak01>
               <HpCockpit>
                  <Position type="Vector">0.0076622581, -0.03001206, -4.111413</Position>
                  <Orientation type="Matrix">
                       1.0000000000,   0.0000000000,   0.0000000000,
                       0.0000000000,   1.0000000000,   0.0000000000,
                       0.0000000000,   0.0000000000,   1.0000000000
                  </Orientation>
               </HpCockpit>
               <HpDocklight01>
                  <Position type="Vector">3.2356234, 2.2522316, 1.2243629</Position>
                  <Orientation type="Matrix">
                       1.0000000000,   0.0000000000,   0.0000000000,
                       0.0000000000,   1.0000000000,   0.0000000000,
                       0.0000000000,   0.0000000000,   1.0000000000
                  </Orientation>
               </HpDocklight01>
               <HpDocklight02>
                  <Position type="Vector">-3.2396688, 2.2522314, 1.2243631</Position>
                  <Orientation type="Matrix">
                       1.0000000000,   0.0000000000,   0.0000000000,
                       0.0000000000,   1.0000000000,   0.0000000000,
                       0.0000000000,   0.0000000000,   1.0000000000
                  </Orientation>
               </HpDocklight02>
               <HpHeadLight>
                  <Position type="Vector">0.0076623824, -1.859037, -7.3443804</Position>
                  <Orientation type="Matrix">
                       1.0000000000,   0.0000000000,   0.0000000000,
                       0.0000000000,   1.0000000000,   0.0000000000,
                       0.0000000000,   0.0000000000,   1.0000000000
                  </Orientation>
               </HpHeadLight>
               <HpMount>
                  <Position type="Vector">0.0076626814, -3.0477047, 0.76214832</Position>
                  <Orientation type="Matrix">
                       1.0000000000,  158.04823e-18,  7.4330897e-09,
                       0.0000000000,   1.0000000000, -21.262791e-09,
                     -7.4330897e-09,  21.262791e-09,   1.0000000000
                  </Orientation>
               </HpMount>
               <HpPilot>
                  <Position type="Vector">0.0076628327, -1.4646195, -4.732203</Position>
                  <Orientation type="Matrix">
                       1.0000000000,   0.0000000000,   0.0000000000,
                       0.0000000000,   1.0000000000,   0.0000000000,
                       0.0000000000,   0.0000000000,   1.0000000000
                  </Orientation>
               </HpPilot>
               <HpRunningLight02>
                  <Position type="Vector">0.011335215, -0.36695185, 4.597074</Position>
                  <Orientation type="Matrix">
                      -1.0000000000, -73.513732e-09,  150.99580e-09,
                     -73.513732e-09,   1.0000000000, -23.124169e-15,
                     -150.99580e-09, -34.224434e-15,  -1.0000000000
                  </Orientation>
               </HpRunningLight02>
               <HpRunningLight01>
                  <Position type="Vector">0.0076623191, 1.7094365, -2.9704216</Position>
                  <Orientation type="Matrix">
                       1.0000000000,   0.0000000000,   0.0000000000,
                       0.0000000000,   1.0000000000,   0.0000000000,
                       0.0000000000,   0.0000000000,   1.0000000000
                  </Orientation>
               </HpRunningLight01>
               <HpTractor_Source>
                  <Position type="Vector">0.0076623824, -1.859037, -7.3443804</Position>
                  <Orientation type="Matrix">
                       1.0000000000,   0.0000000000,   0.0000000000,
                       0.0000000000,   1.0000000000,   0.0000000000,
                       0.0000000000,   0.0000000000,   1.0000000000
                  </Orientation>
               </HpTractor_Source>
               <HpCM01>
                  <Position type="Vector">1.7638181, 0.064510338, 5.664958</Position>
                  <Orientation type="Matrix">
                      313.91647e-09,   1.0000000000,   0.0000000000,
                      -1.0000000000,  313.91647e-09,   0.0000000000,
                       0.0000000000,   0.0000000000,   1.0000000000
                  </Orientation>
               </HpCM01>
               <HpMine01>
                  <Position type="Vector">-1.7638962, 0.064512275, 5.6649599</Position>
                  <Orientation type="Matrix">
                      313.91647e-09,  -1.0000000000,  73.513753e-09,
                       1.0000000000,  313.91647e-09, -11.538589e-15,
                     -11.538589e-15,  73.513753e-09,   1.0000000000
                  </Orientation>
               </HpMine01>
               <DpDmg_starwing>
                  <Position type="Vector">3.2341599, 1.7121252, 2.9486632</Position>
                  <Orientation type="Matrix">
                       1.0000000000,   0.0000000000,  64.078975e-09,
                       0.0000000000,   1.0000000000,   0.0000000000,
                     -64.078975e-09,   0.0000000000,   1.0000000000
                  </Orientation>
               </DpDmg_starwing>
               <DpDmg_portwing>
                  <Position type="Vector">-3.2320948, 1.7121246, 2.948663</Position>
                  <Orientation type="Matrix">
                       1.0000000000,   0.0000000000,  64.078975e-09,
                       0.0000000000,   1.0000000000,   0.0000000000,
                     -64.078975e-09,   0.0000000000,   1.0000000000
                  </Orientation>
               </DpDmg_portwing>
               <DpEngine02>
                  <Position type="Vector">0.0036092442, -1.055456, 6.674674</Position>
                  <Orientation type="Matrix">
                      -1.0000000000,  22.799733e-15,  150.99580e-09,
                       0.0000000000,  -1.0000000000,  150.99580e-09,
                      150.99580e-09,  150.99580e-09,   1.0000000000
                  </Orientation>
               </DpEngine02>
               <DpDmg_topfin>
                  <Position type="Vector">0.0071233655, 1.7373543, 4.2656088</Position>
                  <Orientation type="Matrix">
                       1.0000000000,   0.0000000000,  64.078975e-09,
                       0.0000000000,   1.0000000000,   0.0000000000,
                     -64.078975e-09,   0.0000000000,   1.0000000000
                  </Orientation>
               </DpDmg_topfin>
               <HpRunningLight08>
                  <Position type="Vector">0.0076625124, -2.2563171, 4.0265012</Position>
                  <Orientation type="Matrix">
                       1.0000000000,   0.0000000000,   0.0000000000,
                       0.0000000000,  313.91647e-09,   1.0000000000,
                       0.0000000000,  -1.0000000000,  313.91647e-09
                  </Orientation>
               </HpRunningLight08>
               <DpDmg_btmwing>
                  <Position type="Vector">0.0071234023, -1.0851147, 5.2483573</Position>
                  <Orientation type="Matrix">
                       1.0000000000,   0.0000000000,  64.078975e-09,
                       0.0000000000,   1.0000000000,   0.0000000000,
                     -64.078975e-09,   0.0000000000,   1.0000000000
                  </Orientation>
               </DpDmg_btmwing>
               <HpThruster01>
                  <Position type="Vector">0, -2.2812369, 6.088213</Position>
                  <Orientation type="Matrix">
                      -1.0000000000,  106.17260e-15, -325.84137e-09,
                       0.0000000000,  -1.0000000000, -325.84137e-09,
                     -325.84137e-09, -325.84137e-09,   1.0000000000
                  </Orientation>
               </HpThruster01>
            </Fixed>
            <Revolute>
               <HpWeapon01>
                  <Position type="Vector">-1.3567197, -1.7408175, -4.4803123</Position>
                  <Orientation type="Matrix">
                     -162.92068e-09,  -1.0000000000,   0.0000000000,
                       1.0000000000, -162.92068e-09,   0.0000000000,
                       0.0000000000,   0.0000000000,   1.0000000000
                  </Orientation>
                  <Axis type="Vector">0, 1, 0</Axis>
                  <Min type="float">-0.7854</Min>
                  <Max type="float">0.78538001</Max>
               </HpWeapon01>
               <HpWeapon02>
                  <Position type="Vector">1.3712902, -1.7408173, -4.4803123</Position>
                  <Orientation type="Matrix">
                      313.91647e-09,   1.0000000000, -22.401753e-09,
                      -1.0000000000,  313.91647e-09, -3.5161396e-15,
                      3.5161396e-15,  22.401753e-09,   1.0000000000
                  </Orientation>
                  <Axis type="Vector">0, 1, 0</Axis>
                  <Min type="float">-0.7854</Min>
                  <Max type="float">0.78538001</Max>
               </HpWeapon02>
               <HpShield01>
                  <Position type="Vector">0.0076622162, 1.9383899, -0.73647219</Position>
                  <Orientation type="Matrix">
                       1.0000000000,   0.0000000000,   0.0000000000,
                       0.0000000000,   1.0000000000,   0.0000000000,
                       0.0000000000,   0.0000000000,   1.0000000000
                  </Orientation>
                  <Axis type="Vector">0, 1, 0</Axis>
                  <Min type="float">-0.5236</Min>
                  <Max type="float">0.52358001</Max>
               </HpShield01>
               <HpWeapon11>
                  <Position type="Vector">0, 1.93839, -0.73647201</Position>
                  <Orientation type="Matrix">
                       1.0000000000,   0.0000000000,   0.0000000000,
                       0.0000000000,   1.0000000000,   0.0000000000,
                       0.0000000000,   0.0000000000,   1.0000000000
                  </Orientation>
                  <Axis type="Vector">0, 1, 0</Axis>
                  <Min type="float">-0.78539819</Min>
                  <Max type="float">0.78539819</Max>
               </HpWeapon11>
               <HpTorpedo01>
                  <Position type="Vector">1.93672, -0.06, 1</Position>
                  <Orientation type="Matrix">
                      -0.0819370600,   0.9966377000, -119.20929e-09,
                      -0.9965829300,  -0.0819325750,  -0.0104718140,
                      -0.0104366130, -857.90269e-06,   0.9999451000
                  </Orientation>
                  <Axis type="Vector">0, 1, 0</Axis>
                  <Min type="float">-0.78539819</Min>
                  <Max type="float">0.78539819</Max>
               </HpTorpedo01>
               <HpWeapon12>
                  <Position type="Vector">0, -2.306015, -6.3222079</Position>
                  <Orientation type="Matrix">
                      -1.0000000000,  106.17260e-15, -325.84137e-09,
                       0.0000000000,  -1.0000000000, -325.84137e-09,
                     -325.84137e-09, -325.84137e-09,   1.0000000000
                  </Orientation>
                  <Axis type="Vector">0, 1, 0</Axis>
                  <Min type="float">-0.78539819</Min>
                  <Max type="float">0.78539819</Max>
               </HpWeapon12>
               <HpWeapon09>
                  <Position type="Vector">0.72000027, -2.1360199, -5.9322238</Position>
                  <Orientation type="Matrix">
                       1.0000000000,   0.0000000000,   0.0000000000,
                       0.0000000000,   1.0000000000,   0.0000000000,
                       0.0000000000,   0.0000000000,   1.0000000000
                  </Orientation>
                  <Axis type="Vector">0, 0, 0</Axis>
                  <Min type="float">0</Min>
                  <Max type="float">0</Max>
               </HpWeapon09>
               <HpWeapon10>
                  <Position type="Vector">0.73000026, -1.9460201, -5.9322238</Position>
                  <Orientation type="Matrix">
                       1.0000000000,   0.0000000000,   0.0000000000,
                       0.0000000000,   1.0000000000,   0.0000000000,
                       0.0000000000,   0.0000000000,   1.0000000000
                  </Orientation>
                  <Axis type="Vector">0, 0, 0</Axis>
                  <Min type="float">0</Min>
                  <Max type="float">0</Max>
               </HpWeapon10>
            </Revolute>
         </Hardpoints>
      </bm_cv_vhf231209151414.3db>
      <glass_lod1231209151414.3db>
         <MultiLevel>
            <Switch2 type="float array" count="4">
               0,
               100,
               1000,
               1000000
            </Switch2>
            <Level0>
               <VMeshPart>
                  <VMeshRef type="VMeshRef">
                     <!-- header size  --> 60,
                     <!-- vmesh lib    --> bm_cv_vhf.lod0-112.vms,
                     <!-- start vert   --> 904,
                     <!-- num verts    --> 32,
                     <!-- start index  --> 1596,
                     <!-- num indices  --> 126,
                     <!-- start mesh   --> 8,
                     <!-- num meshes   --> 1,
                     <!-- bounding box -->  1.2716022,   0.76836455,   0.90739202,
                                           -1.2716023,  -0.76836431,  -0.90739155,
                     <!-- center       --> -0.02061303,  0.074338347,  0.14317083,
                     <!-- radius       --> 1.5540942
                  </VMeshRef>
               </VMeshPart>
            </Level0>
            <Level1>
               <VMeshPart>
                  <VMeshRef type="VMeshRef">
                     <!-- header size  --> 60,
                     <!-- vmesh lib    --> bm_cv_vhf.lod1-112.vms,
                     <!-- start vert   --> 504,
                     <!-- num verts    --> 26,
                     <!-- start index  --> 879,
                     <!-- num indices  --> 78,
                     <!-- start mesh   --> 7,
                     <!-- num meshes   --> 1,
                     <!-- bounding box -->  1.2716018,   0.76836455,   0.90739155,
                                           -1.2716019,  -0.76836455,  -0.9073925,
                     <!-- center       --> -0.02061303,  0.074338347,  0.14317083,
                     <!-- radius       --> 1.5540937
                  </VMeshRef>
               </VMeshPart>
            </Level1>
            <Level2>
               <VMeshPart>
                  <VMeshRef type="VMeshRef">
                     <!-- header size  --> 60,
                     <!-- vmesh lib    --> bm_cv_vhf.lod2-112.vms,
                     <!-- start vert   --> 265,
                     <!-- num verts    --> 16,
                     <!-- start index  --> 432,
                     <!-- num indices  --> 27,
                     <!-- start mesh   --> 5,
                     <!-- num meshes   --> 1,
                     <!-- bounding box -->  1.2716019,   0.76836455,   0.90739155,
                                           -1.271602,   -0.76836455,  -0.9073925,
                     <!-- center       --> -0.02061303,  0.074338347,  0.14317083,
                     <!-- radius       --> 1.5540937
                  </VMeshRef>
               </VMeshPart>
            </Level2>
         </MultiLevel>
         <VMeshWire include="bm_cv_vhf_cmp\glass_lod1.vwd.xml"/>
      </glass_lod1231209151414.3db>
      <cv_star_wing_lod1231209151414.3db>
         <MultiLevel>
            <Switch2 type="float array" count="4">
               0,
               100,
               1000,
               1000000
            </Switch2>
            <Level0>
               <VMeshPart>
                  <VMeshRef type="VMeshRef">
                     <!-- header size  --> 60,
                     <!-- vmesh lib    --> bm_cv_vhf.lod0-112.vms,
                     <!-- start vert   --> 936,
                     <!-- num verts    --> 105,
                     <!-- start index  --> 1722,
                     <!-- num indices  --> 168,
                     <!-- start mesh   --> 9,
                     <!-- num meshes   --> 3,
                     <!-- bounding box -->  3.3709373,  1.7950041,  4.6828814,
                                           -3.3709362, -1.9987872, -4.6828814,
                     <!-- center       --> -0.0172925, -0.14971,   -0.021333694,
                     <!-- radius       --> 6.0456285
                  </VMeshRef>
               </VMeshPart>
            </Level0>
            <Level1>
               <VMeshPart>
                  <VMeshRef type="VMeshRef">
                     <!-- header size  --> 60,
                     <!-- vmesh lib    --> bm_cv_vhf.lod1-112.vms,
                     <!-- start vert   --> 530,
                     <!-- num verts    --> 36,
                     <!-- start index  --> 957,
                     <!-- num indices  --> 54,
                     <!-- start mesh   --> 8,
                     <!-- num meshes   --> 2,
                     <!-- bounding box -->  3.3722572,  1.6319139,  4.6828804,
                                           -3.3695307, -1.9987335, -4.6828809,
                     <!-- center       --> -0.0172925, -0.14971,   -0.021333694,
                     <!-- radius       --> 6.0449109
                  </VMeshRef>
               </VMeshPart>
            </Level1>
            <Level2>
               <VMeshPart>
                  <VMeshRef type="VMeshRef">
                     <!-- header size  --> 60,
                     <!-- vmesh lib    --> bm_cv_vhf.lod2-112.vms,
                     <!-- start vert   --> 281,
                     <!-- num verts    --> 30,
                     <!-- start index  --> 459,
                     <!-- num indices  --> 42,
                     <!-- start mesh   --> 6,
                     <!-- num meshes   --> 2,
                     <!-- bounding box -->  3.3722572,  1.6319139,  4.6828809,
                                           -3.3695312, -1.7357601, -4.6828809,
                     <!-- center       --> -0.0172925, -0.14971,   -0.021333694,
                     <!-- radius       --> 6.0449114
                  </VMeshRef>
               </VMeshPart>
            </Level2>
         </MultiLevel>
         <VMeshWire include="bm_cv_vhf_cmp\cv_star_wing_lod1.vwd.xml"/>
         <Hardpoints>
            <Fixed>
               <HpContrail01>
                  <Position type="Vector">3.7237873, -1.8438051, -2.6020608</Position>
                  <Orientation type="Matrix">
                       1.0000000000,   0.0000000000,  10.100780e-30,
                       0.0000000000,   1.0000000000, -59.604659e-09,
                      10.573819e-24,  59.604659e-09,   1.0000000000
                  </Orientation>
               </HpContrail01>
               <HpRunningLight05>
                  <Position type="Vector">3.4152622, -1.8368744, -4.7725687</Position>
                  <Orientation type="Matrix">
                       1.0000000000,  77.482127e-09,  73.513704e-09,
                     -77.482113e-09,   1.0000000000, -150.99580e-09,
                     -73.513718e-09,  150.99580e-09,   1.0000000000
                  </Orientation>
               </HpRunningLight05>
            </Fixed>
            <Revolute>
               <HpWeapon08>
                  <Position type="Vector">-1.92, 0.52, 0.5750699</Position>
                  <Orientation type="Matrix">
                      -0.9659259300,  -0.2588186900,  10.573819e-24,
                       0.2588186900,  -0.9659259300,   0.0000000000,
                       0.0000000000,   0.0000000000,   1.0000000000
                  </Orientation>
                  <Axis type="Vector">0, 1, 0</Axis>
                  <Min type="float">-0.78539819</Min>
                  <Max type="float">0.78539819</Max>
               </HpWeapon08>
               <HpWeapon07>
                  <Position type="Vector">2.5283794, -1.1837078, -2.884341</Position>
                  <Orientation type="Matrix">
                      -0.7071070700,  -0.7071064100,  10.573819e-24,
                       0.7071064100,  -0.7071070700,   0.0000000000,
                       0.0000000000,   0.0000000000,   1.0000000000
                  </Orientation>
                  <Axis type="Vector">0, 1, 0</Axis>
                  <Min type="float">-0.78539819</Min>
                  <Max type="float">0.78539819</Max>
               </HpWeapon07>
               <HpWeapon03>
                  <Position type="Vector">0.46999836, -0.13, -0.83493161</Position>
                  <Orientation type="Matrix">
                      -0.9659256900,  -0.2588196100,  10.573819e-24,
                       0.2588196100,  -0.9659256900,   0.0000000000,
                       0.0000000000,   0.0000000000,   1.0000000000
                  </Orientation>
                  <Axis type="Vector">0, 0, 1</Axis>
                  <Min type="float">-0.78539819</Min>
                  <Max type="float">0.78539819</Max>
               </HpWeapon03>
            </Revolute>
         </Hardpoints>
      </cv_star_wing_lod1231209151414.3db>
      <cv_port_wing_lod1231209151414.3db>
         <MultiLevel>
            <Switch2 type="float array" count="4">
               0,
               100,
               1000,
               1000000
            </Switch2>
            <Level0>
               <VMeshPart>
                  <VMeshRef type="VMeshRef">
                     <!-- header size  --> 60,
                     <!-- vmesh lib    --> bm_cv_vhf.lod0-112.vms,
                     <!-- start vert   --> 1041,
                     <!-- num verts    --> 99,
                     <!-- start index  --> 1890,
                     <!-- num indices  --> 153,
                     <!-- start mesh   --> 12,
                     <!-- num meshes   --> 3,
                     <!-- bounding box -->  3.3732967,    1.7950044,   4.6828823,
                                           -3.3695407,   -1.9987874,  -4.6828828,
                     <!-- center       -->  0.018940926, -0.14976326, -0.021491528,
                     <!-- radius       --> 6.0456285
                  </VMeshRef>
               </VMeshPart>
            </Level0>
            <Level1>
               <VMeshPart>
                  <VMeshRef type="VMeshRef">
                     <!-- header size  --> 60,
                     <!-- vmesh lib    --> bm_cv_vhf.lod1-112.vms,
                     <!-- start vert   --> 566,
                     <!-- num verts    --> 36,
                     <!-- start index  --> 1011,
                     <!-- num indices  --> 54,
                     <!-- start mesh   --> 10,
                     <!-- num meshes   --> 2,
                     <!-- bounding box -->  3.3722577,    1.6319146,   4.6828823,
                                           -3.3695302,   -1.998734,   -4.6828823,
                     <!-- center       -->  0.018940926, -0.14976326, -0.021491528,
                     <!-- radius       --> 6.0456495
                  </VMeshRef>
               </VMeshPart>
            </Level1>
            <Level2>
               <VMeshPart>
                  <VMeshRef type="VMeshRef">
                     <!-- header size  --> 60,
                     <!-- vmesh lib    --> bm_cv_vhf.lod2-112.vms,
                     <!-- start vert   --> 311,
                     <!-- num verts    --> 30,
                     <!-- start index  --> 501,
                     <!-- num indices  --> 42,
                     <!-- start mesh   --> 8,
                     <!-- num meshes   --> 2,
                     <!-- bounding box -->  3.3722579,    1.6319146,   4.6828823,
                                           -3.3695312,   -1.7357605,  -4.6828828,
                     <!-- center       -->  0.018940926, -0.14976326, -0.021491528,
                     <!-- radius       --> 6.0456495
                  </VMeshRef>
               </VMeshPart>
            </Level2>
         </MultiLevel>
         <VMeshWire include="bm_cv_vhf_cmp\cv_port_wing_lod1.vwd.xml"/>
         <Hardpoints>
            <Fixed>
               <HpContrail02>
                  <Position type="Vector">-3.7045493, -1.8438056, -2.6020625</Position>
                  <Orientation type="Matrix">
                       1.0000000000,   0.0000000000,  10.100780e-30,
                       0.0000000000,   1.0000000000, -59.604659e-09,
                      10.573819e-24,  59.604659e-09,   1.0000000000
                  </Orientation>
               </HpContrail02>
               <HpRunningLight06>
                  <Position type="Vector">-3.3854594, -1.8368738, -4.7725725</Position>
                  <Orientation type="Matrix">
                       1.0000000000,  77.482127e-09,  73.513704e-09,
                     -77.482113e-09,   1.0000000000, -150.99580e-09,
                     -73.513718e-09,  150.99580e-09,   1.0000000000
                  </Orientation>
               </HpRunningLight06>
            </Fixed>
            <Revolute>
               <HpWeapon04>
                  <Position type="Vector">1.92, 0.52, 0.57507038</Position>
                  <Orientation type="Matrix">
                      -0.9659259900,   0.2588189500,  10.573819e-24,
                      -0.2588189500,  -0.9659259900,   0.0000000000,
                       0.0000000000,   0.0000000000,   1.0000000000
                  </Orientation>
                  <Axis type="Vector">0, 1, 0</Axis>
                  <Min type="float">-0.78539819</Min>
                  <Max type="float">0.78539819</Max>
               </HpWeapon04>
               <HpWeapon06>
                  <Position type="Vector">-2.528379, -1.1837078, -2.884341</Position>
                  <Orientation type="Matrix">
                      -0.7071067100,   0.7071067100,  10.573819e-24,
                      -0.7071067100,  -0.7071067100,   0.0000000000,
                       0.0000000000,   0.0000000000,   1.0000000000
                  </Orientation>
                  <Axis type="Vector">0, 1, 0</Axis>
                  <Min type="float">-0.78539819</Min>
                  <Max type="float">0.78539819</Max>
               </HpWeapon06>
               <HpWeapon05>
                  <Position type="Vector">-0.46999931, -0.13, -0.83492994</Position>
                  <Orientation type="Matrix">
                      -0.9659256900,   0.2588196100,  10.573819e-24,
                      -0.2588196100,  -0.9659256900,   0.0000000000,
                       0.0000000000,   0.0000000000,   1.0000000000
                  </Orientation>
                  <Axis type="Vector">0, 0, 1</Axis>
                  <Min type="float">-0.78539819</Min>
                  <Max type="float">0.78539819</Max>
               </HpWeapon05>
            </Revolute>
         </Hardpoints>
      </cv_port_wing_lod1231209151414.3db>
      <cv_engine01_lod1231209151414.3db>
         <MultiLevel>
            <Switch2 type="float array" count="4">
