<?xml version="1.0" encoding="ISO-8859-1"?>
<!-- XML generated by UTFXML Version 2.2 built 19-Aug-2010 -->
<UTFXML filename="bm_explosive_mine.3db" path="BMOD\EQUIPMENT\MODELS\MISC">
   <UTF_ROOT>
      <VMeshLibrary>
         <data.equipment.models.mines.ge_explosive_mine.lod0-112.vms include="bm_explosive_mine_3db\lod0-112.vms.xml"/>
      </VMeshLibrary>
      <Exporter_Version name="Exporter Version" type="text">Aug 24 2002 12:33:14</Exporter_Version>
      <Hardpoints>
         <Fixed>
            <HpRunningLight01>
               <Orientation type="Matrix">
                    1.0000000000,  947.31201e-18,  947.31212e-18,
                  -947.31201e-18,   1.0000000000,  1.6420283e-15,
                  -947.31212e-18, -1.6420283e-15,   1.0000000000
               </Orientation>
               <Position type="Vector">-0.0050182524, 0.2846761, -0.8939386</Position>
            </HpRunningLight01>
            <HpRunningLight02>
               <Orientation type="Matrix">
                    1.0000000000,  947.31201e-18,  947.31212e-18,
                  -947.31201e-18,   1.0000000000,  1.6420283e-15,
                  -947.31212e-18, -1.6420283e-15,   1.0000000000
               </Orientation>
               <Position type="Vector">-0.0050181746, 0.28467599, 0.88937438</Position>
            </HpRunningLight02>
            <HPFX01>
               <Orientation type="Matrix">
                    1.0000000000,  947.31201e-18,  947.31212e-18,
                  -947.31201e-18,   1.0000000000,  1.6420283e-15,
                  -947.31212e-18, -1.6420283e-15,   1.0000000000
               </Orientation>
               <Position type="Vector">-0.0050181621, -0.89431602, -0.002354814</Position>
            </HPFX01>
            <HpRunningLight04>
               <Orientation type="Matrix">
                    1.0000000000,  947.31201e-18,  947.31212e-18,
                  -947.31201e-18,   1.0000000000,  1.6420283e-15,
                  -947.31212e-18, -1.6420283e-15,   1.0000000000
               </Orientation>
               <Position type="Vector">-0.0050182305, 0.67742461, -0.0023548394</Position>
            </HpRunningLight04>
         </Fixed>
         <Revolute>
            <HPMOUNT>
               <Axis type="Vector">0, 1, 0</Axis>
               <Max type="float">6.2831855</Max>
               <Min type="float">-6.2831855</Min>
               <Orientation type="Matrix">
                    1.0000000000,  99.580156e-09, -11.827671e-09,
                   99.580156e-09,  -1.0000000000, -57.451775e-09,
                  -11.827677e-09,  57.451775e-09,  -1.0000000000
               </Orientation>
               <Position type="Vector">-0.0023307763, 0.67804176, 209.23307e-6</Position>
            </HPMOUNT>
         </Revolute>
      </Hardpoints>
      <VMeshPart>
         <VMeshRef type="VMeshRef">
            <!-- header size  --> 60,
            <!-- vmesh lib    --> data.equipment.models.mines.ge_explosive_mine.lod0-112.vms,
            <!-- start vert   --> 0,
            <!-- num verts    --> 348,
            <!-- start index  --> 0,
            <!-- num indices  --> 480,
            <!-- start mesh   --> 0,
            <!-- num meshes   --> 2,
            <!-- bounding box -->  0.60374683,    0.68276966,   0.88879627,
                                  -0.60374677,   -0.90539354,  -0.89562947,
            <!-- center       --> -0.0013828095, -0.070475526, -0.011948997,
            <!-- radius       --> 0.99846137
         </VMeshRef>
      </VMeshPart>
      <VMeshWire include="bm_explosive_mine_3db\bm_explosive_mine.vwd.xml"/>
   </UTF_ROOT>
</UTFXML>
