<?xml version="1.0" encoding="ISO-8859-1"?>
<!-- XML generated by UTFXML Version 2.2 built 19-Aug-2010 -->
<UTFXML filename="bm_ge_armored.cmp" path="BMOD\SHIPS\MODELS\bm_ge_armored">
   <UTF_ROOT>
      <VMeshLibrary>
         <transport_armored.lod0-112.vms include="bm_ge_armored_cmp\lod0-112.vms.xml"/>
         <transport_armored.lod1-112.vms include="bm_ge_armored_cmp\lod1-112.vms.xml"/>
         <transport_armored.lod2-112.vms include="bm_ge_armored_cmp\lod2-112.vms.xml"/>
      </VMeshLibrary>
      <Animation include="bm_ge_armored_cmp\Animation.xml"/>
      <Exporter_Version name="Exporter Version" type="text">MAXLancer Tools 0.98</Exporter_Version>
      <Cmpnd>
         <Cons>
            <Rev type="Rev" count="2">
               <part>
                  <!-- parent      --> "Root",
                  <!-- child       --> "BayDoor01_lod1",
                  <!-- position    --> 0.00691301, -4.8305397, 5.2341218,
                  <!-- offset      --> 0, 0, -0,
                  <!-- orientation -->  -1.0000000000,  155.94415e-09, -57.596143e-09,
                                       -57.596161e-09, -119.20928e-09,   1.0000000000,
                                        155.94415e-09,   1.0000000000,  119.20928e-09,
                  <!-- axis        -->   1.0000000000, -1.8370886e-09, -96.510917e-09,
                  <!-- min, max    --> 0, 1.213
               </part>
               <part>
                  <!-- parent      --> "Root",
                  <!-- child       --> "BayDoor02_lod1",
                  <!-- position    --> 0.0069128047, -4.8305397, 1.5446496,
                  <!-- offset      --> 0, 0, -0,
                  <!-- orientation -->   1.0000000000, -68.521359e-09,  61.270377e-09,
                                       -61.270363e-09,  178.81393e-09,   1.0000000000,
                                       -68.521373e-09,  -1.0000000000,  178.81393e-09,
                  <!-- axis        -->  -1.0000000000,  1.8370875e-09,  9.0881258e-09,
                  <!-- min, max    --> 0, 1.213
               </part>
            </Rev>
         </Cons>
         <Part_BayDoor01_lod1>
            <Object_name name="Object name" type="text">BayDoor01_lod1</Object_name>
            <Index type="int">0</Index>
            <File_name name="File name" type="text">BayDoor01_lod1240603164130.3db</File_name>
         </Part_BayDoor01_lod1>
         <Part_BayDoor02_lod1>
            <Object_name name="Object name" type="text">BayDoor02_lod1</Object_name>
            <Index type="int">0</Index>
            <File_name name="File name" type="text">BayDoor02_lod1240603164130.3db</File_name>
         </Part_BayDoor02_lod1>
         <Root>
            <Object_name name="Object name" type="text">Root</Object_name>
            <Index type="int">0</Index>
            <File_name name="File name" type="text">transport_armored240603164130.3db</File_name>
         </Root>
      </Cmpnd>
      <transport_armored240603164130.3db>
         <MultiLevel>
            <Switch2 type="float array" count="4">
               0,
               100,
               1000,
               1000000
            </Switch2>
            <Level0>
               <VMeshPart>
                  <VMeshRef type="VMeshRef">
                     <!-- header size  --> 60,
                     <!-- vmesh lib    --> transport_armored.lod0-112.vms,
                     <!-- start vert   --> 0,
                     <!-- num verts    --> 3681,
                     <!-- start index  --> 0,
                     <!-- num indices  --> 3714,
                     <!-- start mesh   --> 0,
                     <!-- num meshes   --> 8,
                     <!-- bounding box -->  11.196781,      5.1099334,  15.395927,
                                           -11.196779,     -7.2804375, -20.659008,
                     <!-- center       -->  -0.0062947287, -1.2005912,  -2.9028199,
                     <!-- radius       --> 18.625643
                  </VMeshRef>
               </VMeshPart>
            </Level0>
            <Level1>
               <VMeshPart>
                  <VMeshRef type="VMeshRef">
                     <!-- header size  --> 60,
                     <!-- vmesh lib    --> transport_armored.lod1-112.vms,
                     <!-- start vert   --> 0,
                     <!-- num verts    --> 1048,
                     <!-- start index  --> 0,
                     <!-- num indices  --> 1536,
                     <!-- start mesh   --> 0,
                     <!-- num meshes   --> 1,
                     <!-- bounding box -->  11.197823,      5.1099334,  15.395927,
                                           -11.196779,     -7.2804375, -20.658964,
                     <!-- center       -->  -0.0062947287, -1.2005912,  -2.9028199,
                     <!-- radius       --> 18.59915
                  </VMeshRef>
               </VMeshPart>
            </Level1>
            <Level2>
               <VMeshPart>
                  <VMeshRef type="VMeshRef">
                     <!-- header size  --> 60,
                     <!-- vmesh lib    --> transport_armored.lod2-112.vms,
                     <!-- start vert   --> 0,
                     <!-- num verts    --> 620,
                     <!-- start index  --> 0,
                     <!-- num indices  --> 858,
                     <!-- start mesh   --> 0,
                     <!-- num meshes   --> 1,
                     <!-- bounding box -->  11.197823,      5.1099334,  15.395927,
                                           -11.196779,     -7.2804384, -20.658964,
                     <!-- center       -->  -0.0062947287, -1.2005912,  -2.9028199,
                     <!-- radius       --> 18.59915
                  </VMeshRef>
               </VMeshPart>
            </Level2>
         </MultiLevel>
         <VMeshWire include="bm_ge_armored_cmp\transport_armored.vwd.xml"/>
         <Hardpoints>
            <Fixed>
               <HpBayDoor01>
                  <Position type="Vector">-9.0701797e-6, -4.7225251, 3.3253796</Position>
                  <Orientation type="Matrix">
                       1.0000000000,  20.663288e-18,  109.50018e-18,
                     -20.663288e-18,   1.0000000000,  -0.0000000000,
                     -109.50018e-18, -2.2626338e-33,   1.0000000000
                  </Orientation>
               </HpBayDoor01>
               <HpBayDoor02>
                  <Position type="Vector">-9.0734466e-6, -6.5011201, 3.3253794</Position>
                  <Orientation type="Matrix">
                       1.0000000000,  20.663288e-18,  109.50018e-18,
                     -20.663288e-18,   1.0000000000,  -0.0000000000,
                     -109.50018e-18, -2.2626338e-33,   1.0000000000
                  </Orientation>
               </HpBayDoor02>
               <HpContrail01>
                  <Position type="Vector">-11.118044, 0.81726426, 9.6368961</Position>
                  <Orientation type="Matrix">
                       1.0000000000,  22.322976e-24,  168.58738e-09,
                       0.0000000000,   1.0000000000, -132.41191e-18,
                     -168.58738e-09,  132.41191e-18,   1.0000000000
                  </Orientation>
               </HpContrail01>
               <HpContrail02>
                  <Position type="Vector">11.134887, 0.81726426, 9.6368933</Position>
                  <Orientation type="Matrix">
                       1.0000000000,   0.0000000000,  109.50018e-18,
                       0.0000000000,   1.0000000000,  -0.0000000000,
                     -109.50018e-18,  -0.0000000000,   1.0000000000
                  </Orientation>
               </HpContrail02>
               <HpDocklight01>
                  <Position type="Vector">-7.4926772, 0.72292572, -1.9943002</Position>
                  <Orientation type="Matrix">
                     -162.92068e-09,   0.0000000000,   1.0000000000,
                       0.0000000000,   1.0000000000,  -0.0000000000,
                      -1.0000000000,  -0.0000000000, -162.92068e-09
                  </Orientation>
               </HpDocklight01>
               <HpDocklight02>
                  <Position type="Vector">7.6112537, 0.72292554, -1.9943018</Position>
                  <Orientation type="Matrix">
                     -162.92068e-09, -9.7108287e-15,  -1.0000000000,
                     -59.604641e-09,   1.0000000000,  -0.0000000000,
                       1.0000000000,  59.604641e-09, -162.92068e-09
                  </Orientation>
               </HpDocklight02>
               <HpEngine01>
                  <Position type="Vector">1.9004825, -1.0397186, 15.187828</Position>
                  <Orientation type="Matrix">
                       1.0000000000,   0.0000000000,  76.398216e-09,
                       0.0000000000,   1.0000000000,  -0.0000000000,
                     -76.398216e-09,  -0.0000000000,   1.0000000000
                  </Orientation>
               </HpEngine01>
               <HpEngine02>
                  <Position type="Vector">-1.8578022, -1.0397185, 15.187827</Position>
                  <Orientation type="Matrix">
                       1.0000000000,   0.0000000000,  76.398216e-09,
                       0.0000000000,   1.0000000000,  -0.0000000000,
                     -76.398216e-09,  -0.0000000000,   1.0000000000
                  </Orientation>
               </HpEngine02>
               <HpHeadlight01>
                  <Position type="Vector">-10.038687e-6, -1.0149969, -15.146898</Position>
                  <Orientation type="Matrix">
                       1.0000000000,  20.663288e-18,  109.50018e-18,
                     -20.663288e-18,   1.0000000000,  -0.0000000000,
                     -109.50018e-18, -2.2626338e-33,   1.0000000000
                  </Orientation>
               </HpHeadlight01>
               <HpMount>
                  <Position type="Vector">-7.2894304e-6, -7.7324419, -2.1596804</Position>
                  <Orientation type="Matrix">
                       1.0000000000,  20.663288e-18,  109.50018e-18,
                     -20.663288e-18,   1.0000000000,  -0.0000000000,
                     -109.50018e-18, -2.2626338e-33,   1.0000000000
                  </Orientation>
               </HpMount>
               <HpRunningLight01>
                  <Position type="Vector">1.6136891, -5.6964931, -20.677736</Position>
                  <Orientation type="Matrix">
                       1.0000000000,   0.0000000000,  47.751865e-09,
                       0.0000000000,   1.0000000000,  -0.0000000000,
                     -47.751865e-09,  -0.0000000000,   1.0000000000
                  </Orientation>
               </HpRunningLight01>
               <HpRunningLight02>
                  <Position type="Vector">-1.6571131, -5.6964936, -20.677734</Position>
                  <Orientation type="Matrix">
                       1.0000000000,   0.0000000000,  47.751865e-09,
                       0.0000000000,   1.0000000000,  -0.0000000000,
                     -47.751865e-09,  -0.0000000000,   1.0000000000
                  </Orientation>
               </HpRunningLight02>
               <HpRunningLight03>
                  <Position type="Vector">11.295013, 0.81726414, 6.8766303</Position>
                  <Orientation type="Matrix">
                     -162.92068e-09, -9.7108287e-15,  -1.0000000000,
                     -59.604641e-09,   1.0000000000,  -0.0000000000,
                       1.0000000000,  59.604641e-09, -162.92068e-09
                  </Orientation>
               </HpRunningLight03>
               <HpRunningLight04>
                  <Position type="Vector">-11.238907, 0.8172642, 6.8766327</Position>
                  <Orientation type="Matrix">
                     -162.92068e-09,   0.0000000000,   1.0000000000,
                       0.0000000000,   1.0000000000,  -0.0000000000,
                      -1.0000000000,  -0.0000000000, -162.92068e-09
                  </Orientation>
               </HpRunningLight04>
               <HpRunningLight05>
                  <Position type="Vector">-9.8739042, -7.1085577, 8.1818094</Position>
                  <Orientation type="Matrix">
                      75.497901e-09,  46.020283e-09,   1.0000000000,
                       0.0000000000,   1.0000000000, -46.020283e-09,
                      -1.0000000000,  3.4744347e-15,  75.497901e-09
                  </Orientation>
               </HpRunningLight05>
               <HpRunningLight06>
                  <Position type="Vector">9.9193382, -7.1085577, 8.1818104</Position>
                  <Orientation type="Matrix">
                      313.91647e-09,  25.559734e-15,  -1.0000000000,
                     -81.422087e-09,   1.0000000000,  -0.0000000000,
                       1.0000000000,  81.422087e-09,  313.91647e-09
                  </Orientation>
               </HpRunningLight06>
               <HpRunningLight07>
                  <Position type="Vector">-0.04117173, -2.6763806, 15.171206</Position>
                  <Orientation type="Matrix">
                      -1.0000000000,  57.771799e-24,  325.84137e-09,
                       0.0000000000,   1.0000000000, -177.30038e-18,
                     -325.84137e-09, -177.30038e-18,  -1.0000000000
                  </Orientation>
               </HpRunningLight07>
               <HpRunningLight08>
                  <Position type="Vector">-0.041171968, 5.1009722, 10.398632</Position>
                  <Orientation type="Matrix">
                      -1.0000000000,  57.771799e-24,  325.84137e-09,
                       0.0000000000,   1.0000000000, -177.30038e-18,
                     -325.84137e-09, -177.30038e-18,  -1.0000000000
                  </Orientation>
               </HpRunningLight08>
               <HpRunningLight09>
                  <Position type="Vector">-8.7238407, -4.2210875, -13.162374</Position>
                  <Orientation type="Matrix">
                       0.4848094600,   0.0000000000,   0.8746197800,
                       0.0000000000,   1.0000000000,  -0.0000000000,
                      -0.8746197800,  -0.0000000000,   0.4848094600
                  </Orientation>
               </HpRunningLight09>
               <HpRunningLight10>
                  <Position type="Vector">8.7384701, -4.2210875, -13.162375</Position>
                  <Orientation type="Matrix">
                       0.2419217800, -104.89894e-09,  -0.9702957300,
                     -25.427653e-09,   1.0000000000, -114.45010e-09,
                       0.9702957300,  52.360313e-09,   0.2419217800
                  </Orientation>
               </HpRunningLight10>
               <HpTractor_Source>
                  <Position type="Vector">-10.038698e-6, -1.0149969, -11.030411</Position>
                  <Orientation type="Matrix">
                       1.0000000000,  20.663288e-18,  109.50018e-18,
                     -20.663288e-18,   1.0000000000,  -0.0000000000,
                     -109.50018e-18, -2.2626338e-33,   1.0000000000
                  </Orientation>
               </HpTractor_Source>
            </Fixed>
            <Revolute>
               <DpPort_eng>
                  <Position type="Vector">-1.8649207, -1.0410479, 14.403011</Position>
                  <Orientation type="Matrix">
                      -1.0000000000,  150.99580e-09,  10.389484e-15,
                     -14.210855e-15, -162.92068e-09,   1.0000000000,
                      150.99580e-09,   1.0000000000,  162.92068e-09
                  </Orientation>
                  <Axis type="Vector">0, 1, -0</Axis>
                  <Min type="float">-6.2831855</Min>
                  <Max type="float">6.2831855</Max>
               </DpPort_eng>
               <DpPort_fin>
                  <Position type="Vector">-9.9350109, -2.0546041, 8.284174</Position>
                  <Orientation type="Matrix">
                     -282.12997e-09,  -1.0000000000, -162.92056e-09,
                      476.83716e-09, -162.92068e-09,   1.0000000000,
                      -1.0000000000,  282.12989e-09,  476.83722e-09
                  </Orientation>
                  <Axis type="Vector">0, 1, -0</Axis>
                  <Min type="float">-6.2831855</Min>
                  <Max type="float">6.2831855</Max>
               </DpPort_fin>
               <DpPort_sheild>
                  <Position type="Vector">-3.5051916, -1.9685168, -10.889451</Position>
                  <Orientation type="Matrix">
                       1.0000000000,  1.1409731e-21,  4.3092077e-15,
                     -4.3092077e-15,  313.91647e-09,   1.0000000000,
                     -211.75824e-24,  -1.0000000000,  313.91647e-09
                  </Orientation>
                  <Axis type="Vector">0, 1, -0</Axis>
                  <Min type="float">-6.2831855</Min>
                  <Max type="float">6.2831855</Max>
               </DpPort_sheild>
               <DpStar_eng>
                  <Position type="Vector">1.8782562, -1.0410479, 14.403011</Position>
                  <Orientation type="Matrix">
                      -1.0000000000,  150.99580e-09,  10.389484e-15,
                     -14.210855e-15, -162.92068e-09,   1.0000000000,
                      150.99580e-09,   1.0000000000,  162.92068e-09
                  </Orientation>
                  <Axis type="Vector">0, 1, -0</Axis>
                  <Min type="float">-6.2831855</Min>
                  <Max type="float">6.2831855</Max>
               </DpStar_eng>
               <DpStar_fin>
                  <Position type="Vector">9.9322548, -2.0546041, 8.2841711</Position>
                  <Orientation type="Matrix">
                      313.91647e-09,   1.0000000000,  162.92076e-09,
                     -238.41858e-09, -162.92068e-09,   1.0000000000,
                       1.0000000000, -313.91650e-09,  238.41852e-09
                  </Orientation>
                  <Axis type="Vector">0, 1, -0</Axis>
                  <Min type="float">-6.2831855</Min>
                  <Max type="float">6.2831855</Max>
               </DpStar_fin>
               <DpStar_sheild>
                  <Position type="Vector">3.4982772, -1.9685168, -10.889452</Position>
                  <Orientation type="Matrix">
                       1.0000000000,  1.1409731e-21,  4.3092077e-15,
                     -4.3092077e-15,  313.91647e-09,   1.0000000000,
                     -211.75824e-24,  -1.0000000000,  313.91647e-09
                  </Orientation>
                  <Axis type="Vector">0, 1, -0</Axis>
                  <Min type="float">-6.2831855</Min>
                  <Max type="float">6.2831855</Max>
               </DpStar_sheild>
               <HpTurret01>
                  <Position type="Vector">-9.4863586, -3.1901221, 8.2818985</Position>
                  <Orientation type="Matrix">
                     -162.92068e-09,  -0.9271838700,   0.3746066100,
                     -119.20929e-09,  -0.3746066100,  -0.9271838700,
                       1.0000000000, -195.71402e-09, -49.497764e-09
                  </Orientation>
                  <Axis type="Vector">0, 1, -0</Axis>
                  <Min type="float">-2.61801</Min>
                  <Max type="float">2.61799</Max>
               </HpTurret01>
               <HpTurret02>
                  <Position type="Vector">9.4864635, -3.1901228, 8.2818995</Position>
                  <Orientation type="Matrix">
                     -43.711388e-09,   0.9271837500,  -0.3746068200,
                      476.83716e-09,  -0.3746068200,  -0.9271837500,
                      -1.0000000000, -219.15494e-09, -425.74109e-09
                  </Orientation>
                  <Axis type="Vector">0, 1, -0</Axis>
                  <Min type="float">-2.61801</Min>
                  <Max type="float">2.61799</Max>
               </HpTurret02>
               <HpTurret03>
                  <Position type="Vector">-1.5289742, -3.4963901, 13.419925</Position>
                  <Orientation type="Matrix">
                       0.0846576470,   0.0876656620,   0.9925461400,
                       0.7193394300,  -0.6946585200,  108.03342e-09,
                       0.6894804800,   0.7139776300,  -0.1218695400
                  </Orientation>
                  <Axis type="Vector">0, 1, -0</Axis>
                  <Min type="float">-2.3562</Min>
                  <Max type="float">2.3561802</Max>
               </HpTurret03>
               <HpTurret04>
                  <Position type="Vector">1.5810442, -3.4963901, 13.419925</Position>
                  <Orientation type="Matrix">
                       0.0876651410,  -0.0846570430,  -0.9925463200,
                      -0.6946582800,  -0.7193400300, -110.07069e-09,
                      -0.7139782900,   0.6894802500,  -0.1218687600
                  </Orientation>
                  <Axis type="Vector">0, 1, -0</Axis>
                  <Min type="float">-2.3562</Min>
                  <Max type="float">2.3561802</Max>
               </HpTurret04>
               <HpTurret05>
                  <Position type="Vector">2.8873065, -0.25700197, -9.8101025</Position>
                  <Orientation type="Matrix">
                       1.0000000000,  20.663288e-18,  109.50018e-18,
                     -20.663288e-18,   1.0000000000,  -0.0000000000,
                     -109.50018e-18, -2.2626338e-33,   1.0000000000
                  </Orientation>
                  <Axis type="Vector">0, 1, -0</Axis>
                  <Min type="float">-2.26893</Min>
                  <Max type="float">0.69813001</Max>
               </HpTurret05>
               <HpTurret06>
                  <Position type="Vector">-2.8687358, -0.25700197, -9.8101015</Position>
                  <Orientation type="Matrix">
                       1.0000000000,  20.663288e-18,  109.50018e-18,
                     -20.663288e-18,   1.0000000000,  -0.0000000000,
                     -109.50018e-18, -2.2626338e-33,   1.0000000000
                  </Orientation>
                  <Axis type="Vector">0, 1, -0</Axis>
                  <Min type="float">-0.69813997</Min>
                  <Max type="float">2.2689099</Max>
               </HpTurret06>
               <HpTurret07>
                  <Position type="Vector">-8.7540957e-6, 5.1102877, 8.9696484</Position>
                  <Orientation type="Matrix">
                       1.0000000000,  20.663288e-18,  109.50018e-18,
                     -20.663288e-18,   1.0000000000,  -0.0000000000,
                     -109.50018e-18, -2.2626338e-33,   1.0000000000
                  </Orientation>
                  <Axis type="Vector">0, 1, -0</Axis>
                  <Min type="float">-6.2831855</Min>
                  <Max type="float">6.2831855</Max>
               </HpTurret07>
               <HpTurret08>
                  <Position type="Vector">-0.57209861, -3.0938857, -2.6255174</Position>
                  <Orientation type="Matrix">
                     -162.92068e-09,   0.6946584600,   0.7193397300,
                     -89.406960e-09,  -0.7193397300,   0.6946584600,
                       1.0000000000,  48.860251e-09,  179.30262e-09
                  </Orientation>
                  <Axis type="Vector">0, 1, -0</Axis>
                  <Min type="float">-0.7854</Min>
                  <Max type="float">1.22172</Max>
               </HpTurret08>
               <HpTurret09>
                  <Position type="Vector">0.5641824, -3.0938857, -9.2750721</Position>
                  <Orientation type="Matrix">
                      194.70718e-09,  -0.6946584600,  -0.7193397300,
                     -238.41858e-09,  -0.7193397300,   0.6946584600,
                      -1.0000000000,  36.248963e-09, -305.68009e-09
                  </Orientation>
                  <Axis type="Vector">0, 1, -0</Axis>
                  <Min type="float">-0.7854</Min>
                  <Max type="float">1.22172</Max>
               </HpTurret09>
            </Revolute>
         </Hardpoints>
      </transport_armored240603164130.3db>
      <BayDoor01_lod1240603164130.3db>
         <MultiLevel>
            <Switch2 type="float array" count="4">
               0,
               100,
               1000,
               1000000
            </Switch2>
            <Level0>
               <VMeshPart>
                  <VMeshRef type="VMeshRef">
                     <!-- header size  --> 60,
                     <!-- vmesh lib    --> transport_armored.lod0-112.vms,
                     <!-- start vert   --> 3681,
                     <!-- num verts    --> 24,
                     <!-- start index  --> 3714,
                     <!-- num indices  --> 24,
                     <!-- start mesh   --> 8,
                     <!-- num meshes   --> 4,
                     <!-- bounding box -->  3.8451824,    -0.022557735,    0.11453724,
                                           -3.8451824,    -1.8459082,   -476.83716e-9,
                     <!-- center       --> -0.0026230514, -0.93293667,     0.055707455,
                     <!-- radius       --> 3.9550707
                  </VMeshRef>
               </VMeshPart>
            </Level0>
            <Level1>
               <VMeshPart>
                  <VMeshRef type="VMeshRef">
                     <!-- header size  --> 60,
                     <!-- vmesh lib    --> transport_armored.lod1-112.vms,
                     <!-- start vert   --> 1048,
                     <!-- num verts    --> 6,
                     <!-- start index  --> 1536,
                     <!-- num indices  --> 6,
                     <!-- start mesh   --> 1,
                     <!-- num meshes   --> 1,
                     <!-- bounding box -->  3.8451822,    -0.022558212, -476.83716e-9,
                                           -3.8451822,    -1.8337846,   -476.83716e-9,
                     <!-- center       --> -0.0026230514, -0.93293667,     0.055707455,
                     <!-- radius       --> 3.9544275
                  </VMeshRef>
               </VMeshPart>
            </Level1>
            <Level2>
               <VMeshPart>
                  <VMeshRef type="VMeshRef">
                     <!-- header size  --> 60,
                     <!-- vmesh lib    --> transport_armored.lod2-112.vms,
                     <!-- start vert   --> 620,
                     <!-- num verts    --> 6,
                     <!-- start index  --> 858,
                     <!-- num indices  --> 6,
                     <!-- start mesh   --> 1,
                     <!-- num meshes   --> 1,
                     <!-- bounding box -->  3.8451822,    -0.022558212, -476.83716e-9,
                                           -3.8451822,    -1.8337841,   -476.83716e-9,
                     <!-- center       --> -0.0026230514, -0.93293667,     0.055707455,
                     <!-- radius       --> 3.9544275
                  </VMeshRef>
               </VMeshPart>
            </Level2>
         </MultiLevel>
         <VMeshWire include="bm_ge_armored_cmp\BayDoor01_lod1.vwd.xml"/>
      </BayDoor01_lod1240603164130.3db>
      <BayDoor02_lod1240603164130.3db>
         <MultiLevel>
            <Switch2 type="float array" count="4">
               0,
               100,
               1000,
               1000000
            </Switch2>
            <Level0>
               <VMeshPart>
                  <VMeshRef type="VMeshRef">
                     <!-- header size  --> 60,
                     <!-- vmesh lib    --> transport_armored.lod0-112.vms,
                     <!-- start vert   --> 3705,
                     <!-- num verts    --> 24,
                     <!-- start index  --> 3738,
                     <!-- num indices  --> 24,
                     <!-- start mesh   --> 12,
                     <!-- num meshes   --> 4,
                     <!-- bounding box -->  3.8451827,    -0.022558212,  0.11453772,
                                           -3.8451829,    -1.8392597,   -0,
                     <!-- center       --> -0.0025391243, -0.92943943,   0.055719852,
                     <!-- radius       --> 3.954263
                  </VMeshRef>
               </VMeshPart>
            </Level0>
            <Level1>
               <VMeshPart>
                  <VMeshRef type="VMeshRef">
                     <!-- header size  --> 60,
                     <!-- vmesh lib    --> transport_armored.lod1-112.vms,
                     <!-- start vert   --> 1054,
                     <!-- num verts    --> 6,
                     <!-- start index  --> 1542,
                     <!-- num indices  --> 6,
                     <!-- start mesh   --> 2,
                     <!-- num meshes   --> 1,
                     <!-- bounding box -->  3.8451827,    -0.022558212, 476.83716e-9,
                                           -3.8451827,    -1.8238646,    -0,
                     <!-- center       --> -0.0025391243, -0.92943943,    0.055719852,
                     <!-- radius       --> 3.9535429
                  </VMeshRef>
               </VMeshPart>
            </Level1>
            <Level2>
               <VMeshPart>
                  <VMeshRef type="VMeshRef">
                     <!-- header size  --> 60,
                     <!-- vmesh lib    --> transport_armored.lod2-112.vms,
                     <!-- start vert   --> 626,
                     <!-- num verts    --> 6,
                     <!-- start index  --> 864,
                     <!-- num indices  --> 6,
                     <!-- start mesh   --> 2,
                     <!-- num meshes   --> 1,
                     <!-- bounding box -->  3.8451827,    -0.022558212, 476.83716e-9,
                                           -3.8451827,    -1.8238646,    -0,
                     <!-- center       --> -0.0025391243, -0.92943943,    0.055719852,
                     <!-- radius       --> 3.9535429
                  </VMeshRef>
               </VMeshPart>
            </Level2>
         </MultiLevel>
         <VMeshWire include="bm_ge_armored_cmp\BayDoor02_lod1.vwd.xml"/>
      </BayDoor02_lod1240603164130.3db>
   </UTF_ROOT>
</UTFXML>
