<?xml version="1.0" encoding="ISO-8859-1"?>
<!-- XML generated by UTFXML Version 2.2 built 19-Aug-2010 -->
<UTFXML filename="bm_ge_miner.cmp" path="BMOD\SHIPS\MODELS\bm_ge_miner">
   <UTF_ROOT>
      <VMeshLibrary>
         <mining.lod0-112.vms include="bm_ge_miner_cmp\lod0-112.vms.xml"/>
         <mining.lod1-112.vms include="bm_ge_miner_cmp\lod1-112.vms.xml"/>
         <mining.lod2-112.vms include="bm_ge_miner_cmp\lod2-112.vms.xml"/>
      </VMeshLibrary>
      <Animation include="bm_ge_miner_cmp\Animation.xml"/>
      <Exporter_Version name="Exporter Version" type="text">MAXLancer Tools 0.98</Exporter_Version>
      <Cmpnd>
         <Cons>
            <Fix type="Fix" count="9">
               <part>
                  <!-- parent      --> "Root",
                  <!-- child       --> "mining_rear_lod1",
                  <!-- position    --> 24.49661e-6, -6.3536358, 64.531227,
                  <!-- orientation -->   1.0000000000,   0.0000000000,   0.0000000000,
                                         0.0000000000,   1.0000000000,   0.0000000000,
                                         0.0000000000,   0.0000000000,   1.0000000000
               </part>
               <part>
                  <!-- parent      --> "mining_rear_lod1",
                  <!-- child       --> "port_rear_eng_lod1",
                  <!-- position    --> 0.15427737, -11.466804, -102.99623,
                  <!-- orientation -->   1.0000000000,   0.0000000000,   0.0000000000,
                                         0.0000000000,   1.0000000000,   0.0000000000,
                                         0.0000000000,   0.0000000000,   1.0000000000
               </part>
               <part>
                  <!-- parent      --> "mining_rear_lod1",
                  <!-- child       --> "star_rear_eng_lod1",
                  <!-- position    --> 0.15427737, -11.466804, -102.99623,
                  <!-- orientation -->   1.0000000000,   0.0000000000,   0.0000000000,
                                         0.0000000000,   1.0000000000,   0.0000000000,
                                         0.0000000000,   0.0000000000,   1.0000000000
               </part>
               <part>
                  <!-- parent      --> "Root",
                  <!-- child       --> "port_reactr_lod1",
                  <!-- position    --> -48.841942, -6.2722702, 20.028358,
                  <!-- orientation -->   1.0000000000,   0.0000000000,   0.0000000000,
                                         0.0000000000,   1.0000000000,   0.0000000000,
                                         0.0000000000,   0.0000000000,   1.0000000000
               </part>
               <part>
                  <!-- parent      --> "Root",
                  <!-- child       --> "star_reactr_lod1",
                  <!-- position    --> 48.841969, -6.2722702, 20.028336,
                  <!-- orientation -->   1.0000000000,   0.0000000000,   0.0000000000,
                                         0.0000000000,   1.0000000000,   0.0000000000,
                                         0.0000000000,   0.0000000000,   1.0000000000
               </part>
               <part>
                  <!-- parent      --> "Root",
                  <!-- child       --> "port_frnt_eng_lod1",
                  <!-- position    --> -35.937878, -29.561892, -40.688267,
                  <!-- orientation -->   1.0000000000,   0.0000000000,   0.0000000000,
                                         0.0000000000,   1.0000000000,   0.0000000000,
                                         0.0000000000,   0.0000000000,   1.0000000000
               </part>
               <part>
                  <!-- parent      --> "Root",
                  <!-- child       --> "star_frnt_eng_lod1",
                  <!-- position    --> 35.93755, -29.561892, -40.688282,
                  <!-- orientation -->   1.0000000000,   0.0000000000,   0.0000000000,
                                         0.0000000000,   1.0000000000,   0.0000000000,
                                         0.0000000000,   0.0000000000,   1.0000000000
               </part>
               <part>
                  <!-- parent      --> "Root",
                  <!-- child       --> "mining_shuttle_lod1",
                  <!-- position    --> -9.5752075e-6, -20.365345, -83.438835,
                  <!-- orientation -->   1.0000000000,   0.0000000000,   0.0000000000,
                                         0.0000000000,   1.0000000000,   0.0000000000,
                                         0.0000000000,   0.0000000000,   1.0000000000
               </part>
               <part>
                  <!-- parent      --> "mining_shuttle_lod1",
                  <!-- child       --> "cntrl_twr_lod1",
                  <!-- position    --> 0.0017837423, 10.954002, 11.219055,
                  <!-- orientation -->   1.0000000000,   0.0000000000,   0.0000000000,
                                         0.0000000000,   1.0000000000,   0.0000000000,
                                         0.0000000000,   0.0000000000,   1.0000000000
               </part>
            </Fix>
            <Rev type="Rev" count="5">
               <part>
                  <!-- parent      --> "Root",
                  <!-- child       --> "star_arm_lod1",
                  <!-- position    --> 27.235977, -29.389332, -54.0616,
                  <!-- offset      --> 0, 0, 0,
                  <!-- orientation -->   0.9990482300,  54.873134e-09,  -0.0436192600,
                                       -47.554437e-09,   1.0000000000,  168.82356e-09,
                                         0.0436192600, -166.58859e-09,   0.9990482300,
                  <!-- axis        --> -950.90263e-09,   1.0000000000, -856.22952e-09,
                  <!-- min, max    --> 0, 0.04363
               </part>
               <part>
                  <!-- parent      --> "star_arm_lod1",
                  <!-- child       --> "star_arm2_lod1",
                  <!-- position    --> 4.1889334, -8.4208813, -22.081308,
                  <!-- offset      --> 0, 0, 0,
                  <!-- orientation -->   0.9996573300,  -0.0018260935,  -0.0261133460,
                                        57.263350e-09,   0.9975640200,  -0.0697569700,
                                         0.0261771180,   0.0697330680,   0.9972221900,
                  <!-- axis        -->  -0.9996611500,  583.34655e-09,  -0.0260311500,
                  <!-- min, max    --> 0, 0.39269
               </part>
               <part>
                  <!-- parent      --> "star_arm2_lod1",
                  <!-- child       --> "star_arm3_lod1",
                  <!-- position    --> -3.9672019, -1.4608232, -41.868107,
                  <!-- offset      --> 0, 0, 0,
                  <!-- orientation -->  -0.9996312900,  -0.0072984002,   0.0261539670,
                                         0.0075315572,  -0.9999326500,   0.0088273874,
                                         0.0260877810,   0.0090211127,   0.9996189500,
                  <!-- axis        -->  -0.0302983650,  -0.9995002200,   0.0090181846,
                  <!-- min, max    --> 0, 0.08726
               </part>
               <part>
                  <!-- parent      --> "Root",
                  <!-- child       --> "port_arm1_lod1",
                  <!-- position    --> -27.235998, -29.389332, -54.061596,
                  <!-- offset      --> 0, 0, 0,
                  <!-- orientation -->   0.9990482300,  26.827161e-09,   0.0436197110,
                                       -26.916066e-09,   1.0000000000,  1.4508700e-09,
                                        -0.0436197110, -2.6235600e-09,   0.9990482300,
                  <!-- axis        --> -13.613648e-09,  -1.0000000000, -364.64849e-09,
                  <!-- min, max    --> 0, 0.04363
               </part>
               <part>
                  <!-- parent      --> "port_arm1_lod1",
                  <!-- child       --> "port_arm2_lod1",
                  <!-- position    --> 5.8719721, -8.420887, -22.343418,
                  <!-- offset      --> 0, 0, 0,
                  <!-- orientation -->   1.0000000000,  59.919920e-09,  32.318741e-09,
                                       -57.519504e-09,   0.9975640200,  -0.0697567690,
                                       -36.419834e-09,   0.0697567690,   0.9975640200,
                  <!-- axis        -->  -1.0000000000,  432.69381e-09,  766.71910e-09,
                  <!-- min, max    --> 0, 0.39269
               </part>
            </Rev>
            <Sphere type="Sphere" count="1">
               <part>
                  <!-- parent      --> "port_arm2_lod1",
                  <!-- child       --> "port_arm3_lod1",
                  <!-- position    --> -7.5815148, -2.7088056, -41.624901,
                  <!-- offset      --> 0, 0, 0,
                  <!-- orientation -->   1.0000000000, -9.9721538e-09,  150.66770e-09,
                                        9.9721484e-09,   1.0000000000,  32.515103e-09,
                                       -150.66770e-09, -32.515103e-09,   1.0000000000,
                  <!-- min, max    --> -20626.48, 20626.48,
                                       -20626.48, 20626.48,
                                       -20626.48, 20626.48
               </part>
            </Sphere>
         </Cons>
         <Part_mining_rear_lod1>
            <Object_name name="Object name" type="text">mining_rear_lod1</Object_name>
            <Index type="int">0</Index>
            <File_name name="File name" type="text">mining_rear_lod1240602152611.3db</File_name>
         </Part_mining_rear_lod1>
         <Part_port_rear_eng_lod1>
            <Object_name name="Object name" type="text">port_rear_eng_lod1</Object_name>
            <Index type="int">0</Index>
            <File_name name="File name" type="text">port_rear_eng_lod1240602152611.3db</File_name>
         </Part_port_rear_eng_lod1>
         <Part_star_rear_eng_lod1>
            <Object_name name="Object name" type="text">star_rear_eng_lod1</Object_name>
            <Index type="int">0</Index>
            <File_name name="File name" type="text">star_rear_eng_lod1240602152611.3db</File_name>
         </Part_star_rear_eng_lod1>
         <Part_port_reactr_lod1>
            <Object_name name="Object name" type="text">port_reactr_lod1</Object_name>
            <Index type="int">0</Index>
            <File_name name="File name" type="text">port_reactr_lod1240602152611.3db</File_name>
         </Part_port_reactr_lod1>
         <Part_star_reactr_lod1>
            <Object_name name="Object name" type="text">star_reactr_lod1</Object_name>
            <Index type="int">0</Index>
            <File_name name="File name" type="text">star_reactr_lod1240602152611.3db</File_name>
         </Part_star_reactr_lod1>
         <Part_port_frnt_eng_lod1>
            <Object_name name="Object name" type="text">port_frnt_eng_lod1</Object_name>
            <Index type="int">0</Index>
            <File_name name="File name" type="text">port_frnt_eng_lod1240602152611.3db</File_name>
         </Part_port_frnt_eng_lod1>
         <Part_star_frnt_eng_lod1>
            <Object_name name="Object name" type="text">star_frnt_eng_lod1</Object_name>
            <Index type="int">0</Index>
            <File_name name="File name" type="text">star_frnt_eng_lod1240602152611.3db</File_name>
         </Part_star_frnt_eng_lod1>
         <Part_mining_shuttle_lod1>
            <Object_name name="Object name" type="text">mining_shuttle_lod1</Object_name>
            <Index type="int">0</Index>
            <File_name name="File name" type="text">mining_shuttle_lod1240602152611.3db</File_name>
         </Part_mining_shuttle_lod1>
         <Part_cntrl_twr_lod1>
            <Object_name name="Object name" type="text">cntrl_twr_lod1</Object_name>
            <Index type="int">0</Index>
            <File_name name="File name" type="text">cntrl_twr_lod1240602152611.3db</File_name>
         </Part_cntrl_twr_lod1>
         <Part_star_arm_lod1>
            <Object_name name="Object name" type="text">star_arm_lod1</Object_name>
            <Index type="int">0</Index>
            <File_name name="File name" type="text">star_arm_lod1240602152611.3db</File_name>
         </Part_star_arm_lod1>
         <Part_star_arm2_lod1>
            <Object_name name="Object name" type="text">star_arm2_lod1</Object_name>
            <Index type="int">0</Index>
            <File_name name="File name" type="text">star_arm2_lod1240602152611.3db</File_name>
         </Part_star_arm2_lod1>
         <Part_star_arm3_lod1>
            <Object_name name="Object name" type="text">star_arm3_lod1</Object_name>
            <Index type="int">0</Index>
            <File_name name="File name" type="text">star_arm3_lod1240602152611.3db</File_name>
         </Part_star_arm3_lod1>
         <Part_port_arm1_lod1>
            <Object_name name="Object name" type="text">port_arm1_lod1</Object_name>
            <Index type="int">0</Index>
            <File_name name="File name" type="text">port_arm1_lod1240602152611.3db</File_name>
         </Part_port_arm1_lod1>
         <Part_port_arm2_lod1>
            <Object_name name="Object name" type="text">port_arm2_lod1</Object_name>
            <Index type="int">0</Index>
            <File_name name="File name" type="text">port_arm2_lod1240602152611.3db</File_name>
         </Part_port_arm2_lod1>
         <Part_port_arm3_lod1>
            <Object_name name="Object name" type="text">port_arm3_lod1</Object_name>
            <Index type="int">0</Index>
            <File_name name="File name" type="text">port_arm3_lod1240602152611.3db</File_name>
         </Part_port_arm3_lod1>
         <Root>
            <Object_name name="Object name" type="text">Root</Object_name>
            <Index type="int">0</Index>
            <File_name name="File name" type="text">mining240602152611.3db</File_name>
         </Root>
      </Cmpnd>
      <mining240602152611.3db>
         <MultiLevel>
            <Switch2 type="float array" count="4">
               0,
               100,
               1000,
               1000000
            </Switch2>
            <Level0>
               <VMeshPart>
                  <VMeshRef type="VMeshRef">
                     <!-- header size  --> 60,
                     <!-- vmesh lib    --> mining.lod0-112.vms,
                     <!-- start vert   --> 0,
                     <!-- num verts    --> 2385,
                     <!-- start index  --> 0,
                     <!-- num indices  --> 2397,
                     <!-- start mesh   --> 0,
                     <!-- num meshes   --> 11,
                     <!-- bounding box -->  42.633331,   15.290941,  41.36964,
                                           -42.633327,  -40.180405, -63.321697,
                     <!-- center       -->  -1.4502107, -10.968356,  -7.9644623,
                     <!-- radius       --> 64.78727
                  </VMeshRef>
               </VMeshPart>
            </Level0>
            <Level1>
               <VMeshPart>
                  <VMeshRef type="VMeshRef">
                     <!-- header size  --> 60,
                     <!-- vmesh lib    --> mining.lod1-112.vms,
                     <!-- start vert   --> 0,
                     <!-- num verts    --> 1192,
                     <!-- start index  --> 0,
                     <!-- num indices  --> 1311,
                     <!-- start mesh   --> 0,
                     <!-- num meshes   --> 8,
                     <!-- bounding box -->  42.635345,   15.29094,   41.36964,
                                           -42.633327,  -39.140549, -63.321697,
                     <!-- center       -->  -1.4502107, -10.968356,  -7.9644623,
                     <!-- radius       --> 64.78727
                  </VMeshRef>
               </VMeshPart>
            </Level1>
            <Level2>
               <VMeshPart>
                  <VMeshRef type="VMeshRef">
                     <!-- header size  --> 60,
                     <!-- vmesh lib    --> mining.lod2-112.vms,
                     <!-- start vert   --> 0,
                     <!-- num verts    --> 362,
                     <!-- start index  --> 0,
                     <!-- num indices  --> 507,
                     <!-- start mesh   --> 0,
                     <!-- num meshes   --> 5,
                     <!-- bounding box -->  42.230202,   13.051914,  41.369629,
                                           -42.230164,  -39.140549, -59.690823,
                     <!-- center       -->  -1.4502107, -10.968356,  -7.9644623,
                     <!-- radius       --> 64.78727
                  </VMeshRef>
               </VMeshPart>
            </Level2>
         </MultiLevel>
         <VMeshWire include="bm_ge_miner_cmp\mining.vwd.xml"/>
         <Hardpoints>
            <Fixed>
               <HpBlow01>
                  <Orientation type="Matrix">
                       1.0000000000, -238.41855e-09,  74.843513e-15,
                       0.0000000000,  313.91647e-09,   1.0000000000,
                     -238.41855e-09,  -1.0000000000,  313.91647e-09
                  </Orientation>
                  <Position type="Vector">0.24331017, -29.985897, -128.1071</Position>
               </HpBlow01>
               <HpBlow02>
                  <Orientation type="Matrix">
                       1.0000000000, -238.41855e-09,  74.843513e-15,
                       0.0000000000,  313.91647e-09,   1.0000000000,
                     -238.41855e-09,  -1.0000000000,  313.91647e-09
                  </Orientation>
                  <Position type="Vector">0.24331076, -43.782917, -128.1071</Position>
               </HpBlow02>
               <HpDockMountA>
                  <Orientation type="Matrix">
                       1.0000000000,  10.350399e-15,  14.210855e-15,
                     -10.350399e-15,   1.0000000000, -6.0033525e-09,
                     -14.210855e-15,  6.0033525e-09,   1.0000000000
                  </Orientation>
                  <Position type="Vector">0.15432762, 0.57853699, 115.85271</Position>
               </HpDockMountA>
               <HpDockMountB>
                  <Orientation type="Matrix">
                       1.0000000000,  12.165534e-15,  28.421709e-15,
                     -12.165534e-15,   1.0000000000, -11.766371e-09,
                     -28.421709e-15,  11.766371e-09,   1.0000000000
                  </Orientation>
                  <Position type="Vector">0.1543328, 130.88495, 115.85271</Position>
               </HpDockMountB>
               <HpDockPointA01>
                  <Orientation type="Matrix">
                       1.0000000000,  12.165534e-15,  28.421709e-15,
                     -12.165534e-15,   1.0000000000, -11.766371e-09,
                     -28.421709e-15,  11.766371e-09,   1.0000000000
                  </Orientation>
                  <Position type="Vector">0.15433291, 0.57856178, 416.88748</Position>
               </HpDockPointA01>
               <HpDockPointA02>
                  <Orientation type="Matrix">
                       1.0000000000,  12.165534e-15,  28.421709e-15,
                     -12.165534e-15,   1.0000000000, -11.766371e-09,
                     -28.421709e-15,  11.766371e-09,   1.0000000000
                  </Orientation>
                  <Position type="Vector">0.15433384, 0.5785656, 469.37796</Position>
               </HpDockPointA02>
               <HpDockPointB01>
                  <Orientation type="Matrix">
                       1.0000000000,  12.165534e-15,  28.421709e-15,
                     -12.165534e-15,   1.0000000000, -11.766371e-09,
                     -28.421709e-15,  11.766371e-09,   1.0000000000
                  </Orientation>
                  <Position type="Vector">0.15433815, 130.88498, 419.5275</Position>
               </HpDockPointB01>
               <HpDockPointB02>
                  <Orientation type="Matrix">
                       1.0000000000,  12.165534e-15,  28.421709e-15,
                     -12.165534e-15,   1.0000000000, -11.766371e-09,
                     -28.421709e-15,  11.766371e-09,   1.0000000000
                  </Orientation>
                  <Position type="Vector">0.15433908, 130.88498, 472.29691</Position>
               </HpDockPointB02>
               <HpMount>
                  <Orientation type="Matrix">
                       1.0000000000,  14.988011e-15,  201.16568e-09,
                       0.0000000000,   1.0000000000, -74.505806e-09,
                     -201.16568e-09,  74.505806e-09,   1.0000000000
                  </Orientation>
                  <Position type="Vector">0.24330664, -20.410618, -141.1302</Position>
               </HpMount>
               <HpRunningLight09>
                  <Orientation type="Matrix">
                       1.0000000000,   0.0000000000,   0.0000000000,
                       0.0000000000,   1.0000000000,   0.0000000000,
                       0.0000000000,   0.0000000000,   1.0000000000
                  </Orientation>
                  <Position type="Vector">26.774572, 13.041491, -51.98769</Position>
               </HpRunningLight09>
               <HpRunningLight10>
                  <Orientation type="Matrix">
                       1.0000000000,   0.0000000000,   0.0000000000,
                       0.0000000000,   1.0000000000,   0.0000000000,
                       0.0000000000,   0.0000000000,   1.0000000000
                  </Orientation>
                  <Position type="Vector">-26.919836, 13.041489, -51.987595</Position>
               </HpRunningLight10>
               <HpSuck01>
                  <Orientation type="Matrix">
                     -162.92068e-09, -2.8940533e-21,   1.0000000000,
                     -17.763572e-15,   1.0000000000,   0.0000000000,
                      -1.0000000000, -17.763572e-15, -162.92068e-09
                  </Orientation>
                  <Position type="Vector">-17.766895, -15.615234, -49.210308</Position>
               </HpSuck01>
               <HpSuck02>
                  <Orientation type="Matrix">
                     -162.92068e-09, -2.8940533e-21,   1.0000000000,
                     -17.763572e-15,   1.0000000000,   0.0000000000,
                      -1.0000000000, -17.763572e-15, -162.92068e-09
                  </Orientation>
                  <Position type="Vector">14.851148, -15.615234, -49.210312</Position>
               </HpSuck02>
               <HpTractor_Source>
                  <Orientation type="Matrix">
                       1.0000000000,  121.25653e-09,  209.23204e-09,
                     -121.25653e-09,   1.0000000000,   0.0000000000,
                     -209.23204e-09, -25.370753e-15,   1.0000000000
                  </Orientation>
                  <Position type="Vector">-0.62073392, -17.875025, -104.98595</Position>
               </HpTractor_Source>
               <HpShield01>
                  <Orientation type="Matrix">
                       1.0000000000,   0.0000000000,   0.0000000000,
                       0.0000000000,   0.6045976300,   0.7965310800,
                       0.0000000000,  -0.7965310800,   0.6045976300
                  </Orientation>
                  <Position type="Vector">0, 7.96, -0.94</Position>
               </HpShield01>
            </Fixed>
            <Revolute>
               <HpTurret_U1_01>
                  <Orientation type="Matrix">
                       1.0000000000,   0.0000000000,   0.0000000000,
                       0.0000000000,   1.0000000000,   0.0000000000,
                       0.0000000000,   0.0000000000,   1.0000000000
                  </Orientation>
                  <Position type="Vector">20.66482, 15.351137, -39.148243</Position>
                  <Axis type="Vector">0, 1, 0</Axis>
                  <Min type="float">-2.26893</Min>
                  <Max type="float">1.39626</Max>
               </HpTurret_U1_01>
               <HpTurret_U1_02>
                  <Orientation type="Matrix">
                       1.0000000000,   0.0000000000,   0.0000000000,
                       0.0000000000,   1.0000000000,   0.0000000000,
                       0.0000000000,   0.0000000000,   1.0000000000
                  </Orientation>
                  <Position type="Vector">-20.646389, 15.351137, -39.148148</Position>
                  <Axis type="Vector">0, 1, 0</Axis>
                  <Min type="float">-1.3962699</Min>
                  <Max type="float">2.2689099</Max>
               </HpTurret_U1_02>
            </Revolute>
         </Hardpoints>
      </mining240602152611.3db>
      <mining_rear_lod1240602152611.3db>
         <MultiLevel>
            <Switch2 type="float array" count="4">
               0,
               100,
               1000,
               1000000
            </Switch2>
            <Level0>
               <VMeshPart>
                  <VMeshRef type="VMeshRef">
                     <!-- header size  --> 60,
                     <!-- vmesh lib    --> mining.lod0-112.vms,
                     <!-- start vert   --> 2385,
                     <!-- num verts    --> 1086,
                     <!-- start index  --> 2397,
                     <!-- num indices  --> 1086,
                     <!-- start mesh   --> 11,
                     <!-- num meshes   --> 9,
                     <!-- bounding box -->  45.293148,   26.709351,      37.188759,
                                           -45.293156,  -26.709349,     -37.188759,
                     <!-- center       -->  -1.1992618,   0.0011849403,   5.1476135,
                     <!-- radius       --> 54.578556
                  </VMeshRef>
               </VMeshPart>
            </Level0>
            <Level1>
               <VMeshPart>
                  <VMeshRef type="VMeshRef">
                     <!-- header size  --> 60,
                     <!-- vmesh lib    --> mining.lod1-112.vms,
                     <!-- start vert   --> 1192,
                     <!-- num verts    --> 546,
                     <!-- start index  --> 1311,
                     <!-- num indices  --> 546,
                     <!-- start mesh   --> 8,
                     <!-- num meshes   --> 6,
                     <!-- bounding box -->  45.293148,   26.709351,      37.188423,
                                           -45.293156,  -26.709349,     -37.188759,
                     <!-- center       -->  -1.1992618,   0.0011849403,   5.1476135,
                     <!-- radius       --> 54.578556
                  </VMeshRef>
               </VMeshPart>
            </Level1>
            <Level2>
               <VMeshPart>
                  <VMeshRef type="VMeshRef">
                     <!-- header size  --> 60,
                     <!-- vmesh lib    --> mining.lod2-112.vms,
                     <!-- start vert   --> 362,
                     <!-- num verts    --> 342,
                     <!-- start index  --> 507,
                     <!-- num indices  --> 342,
                     <!-- start mesh   --> 5,
                     <!-- num meshes   --> 2,
                     <!-- bounding box -->  45.293148,   26.709351,      37.188423,
                                           -45.293156,  -26.709349,     -37.188759,
                     <!-- center       -->  -1.1992618,   0.0011849403,   5.1476135,
                     <!-- radius       --> 54.578556
                  </VMeshRef>
               </VMeshPart>
            </Level2>
         </MultiLevel>
         <VMeshWire include="bm_ge_miner_cmp\mining_rear_lod1.vwd.xml"/>
         <Hardpoints>
            <Fixed>
               <HpBayDoor01>
                  <Orientation type="Matrix">
                     -162.92068e-09, -4.6304856e-21,   1.0000000000,
                     -28.421716e-15,   1.0000000000,   0.0000000000,
                      -1.0000000000, -28.421716e-15, -162.92068e-09
                  </Orientation>
                  <Position type="Vector">0.1542974, -11.413149, 20.560074</Position>
               </HpBayDoor01>
               <HpBayDoor02>
                  <Orientation type="Matrix">
                     -162.92068e-09, -4.6304856e-21,   1.0000000000,
                     -28.421716e-15,   1.0000000000,   0.0000000000,
                      -1.0000000000, -28.421716e-15, -162.92068e-09
                  </Orientation>
                  <Position type="Vector">0.15429896, -11.413149, 30.960175</Position>
               </HpBayDoor02>
               <HpExhaust09>
                  <Orientation type="Matrix">
                       1.0000000000,   0.0000000000,  238.41858e-09,
                       0.0000000000,   1.0000000000,   0.0000000000,
                     -238.41858e-09,   0.0000000000,   1.0000000000
                  </Orientation>
                  <Position type="Vector">18.366938, -25.540611, -0.84578323</Position>
               </HpExhaust09>
               <HpExhaust10>
                  <Orientation type="Matrix">
                       1.0000000000,   0.0000000000,  238.41858e-09,
                       0.0000000000,   1.0000000000,   0.0000000000,
                     -238.41858e-09,   0.0000000000,   1.0000000000
                  </Orientation>
                  <Position type="Vector">-18.343227, -25.540615, -0.84579086</Position>
               </HpExhaust10>
               <HpRunningLight05>
                  <Orientation type="Matrix">
                      -1.0000000000, -44.703487e-09,  150.99580e-09,
                     -44.703487e-09,   1.0000000000,   0.0000000000,
                     -150.99580e-09, -6.7500390e-15,  -1.0000000000
                  </Orientation>
                  <Position type="Vector">25.361021, 19.399193, 37.190765</Position>
               </HpRunningLight05>
               <HpRunningLight06>
                  <Orientation type="Matrix">
                      -1.0000000000, -44.703487e-09,  150.99580e-09,
                     -44.703487e-09,   1.0000000000,   0.0000000000,
                     -150.99580e-09, -6.7500390e-15,  -1.0000000000
                  </Orientation>
                  <Position type="Vector">-25.366995, 19.399193, 37.190765</Position>
               </HpRunningLight06>
            </Fixed>
            <Revolute>
               <HpTurret_U2_03>
                  <Orientation type="Matrix">
                      -1.0000000000, -8.1916731e-09, -150.99580e-09,
                     -8.1916731e-09,   1.0000000000,   0.0000000000,
                      150.99580e-09,  1.2369082e-15,  -1.0000000000
                  </Orientation>
                  <Position type="Vector">876.99632e-6, 19.402668, 28.330521</Position>
                  <Axis type="Vector">0, 1, 0</Axis>
                  <Min type="float">-1.5707999</Min>
                  <Max type="float">1.5707799</Max>
               </HpTurret_U2_03>
               <HpTurret_U2_04>
                  <Orientation type="Matrix">
                       1.0000000000,  28.367592e-15, -87.059519e-09,
                       0.0000000000,  -1.0000000000, -325.84137e-09,
                     -87.059519e-09,  325.84137e-09,  -1.0000000000
                  </Orientation>
                  <Position type="Vector">876.99632e-6, 2.542407, 28.330521</Position>
                  <Axis type="Vector">0, 1, 0</Axis>
                  <Min type="float">-0.87266999</Min>
                  <Max type="float">0.87264997</Max>
               </HpTurret_U2_04>
            </Revolute>
         </Hardpoints>
      </mining_rear_lod1240602152611.3db>
      <port_rear_eng_lod1240602152611.3db>
         <MultiLevel>
            <Switch2 type="float array" count="4">
               0,
               100,
               1000,
               1000000
            </Switch2>
            <Level0>
               <VMeshPart>
                  <VMeshRef type="VMeshRef">
                     <!-- header size  --> 60,
                     <!-- vmesh lib    --> mining.lod0-112.vms,
                     <!-- start vert   --> 3471,
                     <!-- num verts    --> 858,
                     <!-- start index  --> 3483,
                     <!-- num indices  --> 858,
                     <!-- start mesh   --> 20,
                     <!-- num meshes   --> 8,
                     <!-- bounding box --> -34.291111, 53.982391,  124.72108,
                                           -95.493401,  7.8300877,  79.788254,
                     <!-- center       --> -63.86166,  28.766041,  102.25578,
                     <!-- radius       --> 40.507572
                  </VMeshRef>
               </VMeshPart>
            </Level0>
            <Level1>
               <VMeshPart>
                  <VMeshRef type="VMeshRef">
                     <!-- header size  --> 60,
                     <!-- vmesh lib    --> mining.lod1-112.vms,
                     <!-- start vert   --> 1738,
                     <!-- num verts    --> 369,
                     <!-- start index  --> 1857,
                     <!-- num indices  --> 369,
                     <!-- start mesh   --> 14,
                     <!-- num meshes   --> 6,
                     <!-- bounding box --> -34.291111, 53.982388,  124.72107,
                                           -95.493401,  7.8300896,  79.788246,
                     <!-- center       --> -63.86166,  28.766041,  102.25578,
                     <!-- radius       --> 40.507584
                  </VMeshRef>
               </VMeshPart>
            </Level1>
            <Level2>
               <VMeshPart>
                  <VMeshRef type="VMeshRef">
                     <!-- header size  --> 60,
                     <!-- vmesh lib    --> mining.lod2-112.vms,
                     <!-- start vert   --> 704,
                     <!-- num verts    --> 102,
                     <!-- start index  --> 849,
                     <!-- num indices  --> 102,
                     <!-- start mesh   --> 7,
                     <!-- num meshes   --> 1,
                     <!-- bounding box --> -34.291111, 53.982384,  124.72107,
                                           -95.493401,  7.8300896,  79.788246,
                     <!-- center       --> -63.86166,  28.766041,  102.25578,
                     <!-- radius       --> 40.507584
                  </VMeshRef>
               </VMeshPart>
            </Level2>
         </MultiLevel>
         <VMeshWire include="bm_ge_miner_cmp\port_rear_eng_lod1.vwd.xml"/>
         <Hardpoints>
            <Fixed>
               <HpDocklight02>
                  <Orientation type="Matrix">
                      -0.7660446200, -6.8390307e-09,   0.6427874600,
                     -123.27581e-09,   1.0000000000, -136.27482e-09,
                      -0.6427874600, -183.63274e-09,  -0.7660446200
                  </Orientation>
                  <Position type="Vector">-85.379295, 50.86795, 115.68777</Position>
               </HpDocklight02>
               <HpEngine06>
                  <Orientation type="Matrix">
                       1.0000000000,   0.0000000000,   0.0000000000,
                       0.0000000000,   1.0000000000,   0.0000000000,
                       0.0000000000,   0.0000000000,   1.0000000000
                  </Orientation>
                  <Position type="Vector">-84.142593, 28.291822, 113.66605</Position>
               </HpEngine06>
               <HpEngine07>
                  <Orientation type="Matrix">
                       1.0000000000,   0.0000000000,   0.0000000000,
                       0.0000000000,   1.0000000000,   0.0000000000,
                       0.0000000000,   0.0000000000,   1.0000000000
                  </Orientation>
                  <Position type="Vector">-77.457916, 41.636677, 113.66605</Position>
               </HpEngine07>
               <HpEngine08>
                  <Orientation type="Matrix">
                       1.0000000000,   0.0000000000,   0.0000000000,
                       0.0000000000,   1.0000000000,   0.0000000000,
                       0.0000000000,   0.0000000000,   1.0000000000
                  </Orientation>
                  <Position type="Vector">-71.009926, 28.291822, 113.66605</Position>
               </HpEngine08>
               <HpRunningLight02>
                  <Orientation type="Matrix">
                      -1.0000000000, -44.703487e-09,  150.99580e-09,
                     -44.703487e-09,   1.0000000000,   0.0000000000,
                     -150.99580e-09, -6.7500390e-15,  -1.0000000000
                  </Orientation>
                  <Position type="Vector">-91.324577, 15.260585, 124.84421</Position>
               </HpRunningLight02>
               <HpRunningLight03>
                  <Orientation type="Matrix">
                      -0.7660446200, -6.8390307e-09,   0.6427874600,
                     -123.27581e-09,   1.0000000000, -136.27482e-09,
                      -0.6427874600, -183.63274e-09,  -0.7660446200
                  </Orientation>
                  <Position type="Vector">-95.491356, 21.706198, 124.71292</Position>
               </HpRunningLight03>
               <HpRunningLight07>
                  <Orientation type="Matrix">
                       0.8191521200, -31.871139e-09,  -0.5735763300,
                       0.0000000000,   1.0000000000, -55.565646e-09,
                       0.5735763300,  45.516718e-09,   0.8191521200
                  </Orientation>
                  <Position type="Vector">-70.189384, 51.215782, 89.355721</Position>
               </HpRunningLight07>
            </Fixed>
            <Revolute>
               <HpTurret_U2_02>
                  <Orientation type="Matrix">
                      194.70718e-09,  4.9974666e-21,   1.0000000000,
                     -21.316284e-15,   1.0000000000, -847.03295e-24,
                      -1.0000000000, -21.316284e-15,  194.70718e-09
                  </Orientation>
                  <Position type="Vector">-79.048256, 53.985474, 103.21633</Position>
                  <Axis type="Vector">0, 1, 0</Axis>
                  <Min type="float">-3.0543299</Min>
                  <Max type="float">3.0543098</Max>
               </HpTurret_U2_02>
               <HpTurret_U3_02>
                  <Orientation type="Matrix">
                     -162.92068e-09,  150.99583e-09,   1.0000000000,
                     -150.99586e-09,  -1.0000000000,  150.99580e-09,
                       1.0000000000, -150.99583e-09,  162.92071e-09
                  </Orientation>
                  <Position type="Vector">-89.193947, 17.110537, 86.006935</Position>
                  <Axis type="Vector">0, 1, 0</Axis>
                  <Min type="float">-1.5707999</Min>
                  <Max type="float">1.5707799</Max>
               </HpTurret_U3_02>
            </Revolute>
         </Hardpoints>
      </port_rear_eng_lod1240602152611.3db>
      <star_rear_eng_lod1240602152611.3db>
         <MultiLevel>
            <Switch2 type="float array" count="4">
               0,
               100,
               1000,
               1000000
            </Switch2>
            <Level0>
               <VMeshPart>
                  <VMeshRef type="VMeshRef">
                     <!-- header size  --> 60,
                     <!-- vmesh lib    --> mining.lod0-112.vms,
                     <!-- start vert   --> 4329,
                     <!-- num verts    --> 858,
                     <!-- start index  --> 4341,
                     <!-- num indices  --> 858,
                     <!-- start mesh   --> 28,
                     <!-- num meshes   --> 8,
                     <!-- bounding box --> 95.493401, 53.982391,  124.72108,
                                           34.291111,  7.8300877,  79.788254,
                     <!-- center       --> 64.267555, 28.515987,  100.69067,
                     <!-- radius       --> 41.015419
                  </VMeshRef>
               </VMeshPart>
            </Level0>
            <Level1>
               <VMeshPart>
