<?xml version="1.0" encoding="ISO-8859-1"?>
<!-- XML generated by UTFXML Version 2.2 built 19-Aug-2010 -->
<UTFXML filename="bm_ge_lifter.cmp" path="BMOD\SHIPS\MODELS\bm_ge_lifter">
   <UTF_ROOT>
      <VMeshLibrary>
         <bm_ge_lifter.lod0-112.vms include="bm_ge_lifter_cmp\lod0-112.vms.xml"/>
         <bm_ge_lifter.lod1-112.vms include="bm_ge_lifter_cmp\lod1-112.vms.xml"/>
         <bm_ge_lifter.lod2-112.vms include="bm_ge_lifter_cmp\lod2-112.vms.xml"/>
         <bm_ge_lifter.lod3-112.vms include="bm_ge_lifter_cmp\lod3-112.vms.xml"/>
      </VMeshLibrary>
      <Animation include="bm_ge_lifter_cmp\Animation.xml"/>
      <Exporter_Version name="Exporter Version" type="text">MAXLancer Tools 0.97</Exporter_Version>
      <Cmpnd>
         <Cons>
            <Fix type="Fix" count="2">
               <part>
                  <!-- parent      --> "Root",
                  <!-- child       --> "lifter_port_eng_lod1",
                  <!-- position    --> -27.489937, -6.5016637, 6.6294808,
                  <!-- orientation -->   1.0000000000, -1.7763571e-15,  1.7763564e-15,
                                        1.7763571e-15,   1.0000000000, -888.17863e-18,
                                       -1.7763564e-15,  888.17863e-18,   1.0000000000
               </part>
               <part>
                  <!-- parent      --> "Root",
                  <!-- child       --> "lifter_star_eng_lod1",
                  <!-- position    --> 27.489567, -6.5016637, 6.6294804,
                  <!-- orientation -->   1.0000000000, -1.7763571e-15,  3.5527133e-15,
                                        1.7763571e-15,   1.0000000000, -888.17863e-18,
                                       -3.5527133e-15,  888.17863e-18,   1.0000000000
               </part>
            </Fix>
            <Rev type="Rev" count="1">
               <part>
                  <!-- parent      --> "Root",
                  <!-- child       --> "lifter_clamp01_lod1",
                  <!-- position    --> 0.044667713, 3.6296172, -23.922136,
                  <!-- offset      --> 0, 0, 0,
                  <!-- orientation -->   1.0000000000,  118.26784e-18,  3.6709823e-15,
                                       -118.26672e-18,   1.0000000000, -301.99161e-09,
                                       -3.6709823e-15,  301.99161e-09,   1.0000000000,
                  <!-- axis        -->   1.0000000000,  29.802306e-09, -220.54110e-09,
                  <!-- min, max    --> 0, 0.85521001
               </part>
            </Rev>
         </Cons>
         <Part_lifter_port_eng_lod1>
            <Object_name name="Object name" type="text">lifter_port_eng_lod1</Object_name>
            <Index type="int">0</Index>
            <File_name name="File name" type="text">lifter_port_eng_lod1231216154654.3db</File_name>
         </Part_lifter_port_eng_lod1>
         <Part_lifter_star_eng_lod1>
            <Object_name name="Object name" type="text">lifter_star_eng_lod1</Object_name>
            <Index type="int">0</Index>
            <File_name name="File name" type="text">lifter_star_eng_lod1231216154654.3db</File_name>
         </Part_lifter_star_eng_lod1>
         <Part_lifter_clamp01_lod1>
            <Object_name name="Object name" type="text">lifter_clamp01_lod1</Object_name>
            <Index type="int">0</Index>
            <File_name name="File name" type="text">lifter_clamp01_lod1231216154654.3db</File_name>
         </Part_lifter_clamp01_lod1>
         <Root>
            <Object_name name="Object name" type="text">Root</Object_name>
            <Index type="int">0</Index>
            <File_name name="File name" type="text">bm_ge_lifter231216154654.3db</File_name>
         </Root>
      </Cmpnd>
      <bm_ge_lifter231216154654.3db>
         <MultiLevel>
            <Switch2 type="float array" count="5">
               0,
               100,
               1000,
               10000,
               1000000
            </Switch2>
            <Level0>
               <VMeshPart>
                  <VMeshRef type="VMeshRef">
                     <!-- header size  --> 60,
                     <!-- vmesh lib    --> bm_ge_lifter.lod0-112.vms,
                     <!-- start vert   --> 0,
                     <!-- num verts    --> 1843,
                     <!-- start index  --> 0,
                     <!-- num indices  --> 3336,
                     <!-- start mesh   --> 0,
                     <!-- num meshes   --> 11,
                     <!-- bounding box -->  19.004681,    23.411346,   37.169464,
                                           -19.004679,   -13.881156,  -26.795734,
                     <!-- center       -->   0.59696609,   4.8500319,   5.6642313,
                     <!-- radius       --> 35.753185
                  </VMeshRef>
               </VMeshPart>
            </Level0>
            <Level1>
               <VMeshPart>
                  <VMeshRef type="VMeshRef">
                     <!-- header size  --> 60,
                     <!-- vmesh lib    --> bm_ge_lifter.lod1-112.vms,
                     <!-- start vert   --> 0,
                     <!-- num verts    --> 1174,
                     <!-- start index  --> 0,
                     <!-- num indices  --> 1896,
                     <!-- start mesh   --> 0,
                     <!-- num meshes   --> 11,
                     <!-- bounding box -->  19.004681,    23.411348,   37.169464,
                                           -19.004679,   -13.884496,  -26.820946,
                     <!-- center       -->   0.59696609,   4.8500319,   5.6642313,
                     <!-- radius       --> 36.066433
                  </VMeshRef>
               </VMeshPart>
            </Level1>
            <Level2>
               <VMeshPart>
                  <VMeshRef type="VMeshRef">
                     <!-- header size  --> 60,
                     <!-- vmesh lib    --> bm_ge_lifter.lod2-112.vms,
                     <!-- start vert   --> 0,
                     <!-- num verts    --> 545,
                     <!-- start index  --> 0,
                     <!-- num indices  --> 906,
                     <!-- start mesh   --> 0,
                     <!-- num meshes   --> 8,
                     <!-- bounding box -->  19.004681,    23.411348,   37.169464,
                                           -19.004679,   -13.884848,  -26.820946,
                     <!-- center       -->   0.59696609,   4.8500319,   5.6642313,
                     <!-- radius       --> 36.066433
                  </VMeshRef>
               </VMeshPart>
            </Level2>
            <Level3>
               <VMeshPart>
                  <VMeshRef type="VMeshRef">
                     <!-- header size  --> 60,
                     <!-- vmesh lib    --> bm_ge_lifter.lod3-112.vms,
                     <!-- start vert   --> 0,
                     <!-- num verts    --> 259,
                     <!-- start index  --> 0,
                     <!-- num indices  --> 408,
                     <!-- start mesh   --> 0,
                     <!-- num meshes   --> 3,
                     <!-- bounding box -->  18.951904,    23.411348,   37.169464,
                                           -18.9519,     -13.884848,  -20.867331,
                     <!-- center       -->   0.59696609,   4.8500319,   5.6642313,
                     <!-- radius       --> 35.753181
                  </VMeshRef>
               </VMeshPart>
            </Level3>
         </MultiLevel>
         <VMeshWire include="bm_ge_lifter_cmp\bm_ge_lifter.vwd.xml"/>
         <Hardpoints>
            <Fixed>
               <HpBayDoor01>
                  <Position type="Vector">-601.85639e-6, -8.7424049, 15.712486</Position>
                  <Orientation type="Matrix">
                      75.497901e-09,   0.0000000000,   1.0000000000,
                       0.0000000000,   1.0000000000,   0.0000000000,
                      -1.0000000000,   0.0000000000,  75.497901e-09
                  </Orientation>
               </HpBayDoor01>
               <HpBayDoor02>
                  <Position type="Vector">-601.65161e-6, -15.615166, 15.712485</Position>
                  <Orientation type="Matrix">
                      75.497901e-09,   0.0000000000,   1.0000000000,
                       0.0000000000,   1.0000000000,   0.0000000000,
                      -1.0000000000,   0.0000000000,  75.497901e-09
                  </Orientation>
               </HpBayDoor02>
               <HpCargo01>
                  <Position type="Vector">0.012282859, -0.83298624, -43.353115</Position>
                  <Orientation type="Matrix">
                       1.0000000000,  1.0371206e-09,  7.6628250e-09,
                     -1.0371206e-09,   1.0000000000,   0.0000000000,
                     -7.6628250e-09, -7.9472734e-18,   1.0000000000
                  </Orientation>
               </HpCargo01>
               <HpEngine03>
                  <Position type="Vector">-10.565593, 6.2238708, 36.791496</Position>
                  <Orientation type="Matrix">
                       1.0000000000,  41.548108e-15, -476.83716e-09,
                     -41.548108e-15,   1.0000000000,   0.0000000000,
                      476.83716e-09,  19.811682e-21,   1.0000000000
                  </Orientation>
               </HpEngine03>
               <HpEngine04>
                  <Position type="Vector">-3.5916753, 6.2238708, 36.7915</Position>
                  <Orientation type="Matrix">
                       1.0000000000,  41.548108e-15, -476.83716e-09,
                     -41.548108e-15,   1.0000000000,   0.0000000000,
                      476.83716e-09,  19.811682e-21,   1.0000000000
                  </Orientation>
               </HpEngine04>
               <HpEngine05>
                  <Position type="Vector">3.6017215, 6.2238708, 36.7915</Position>
                  <Orientation type="Matrix">
                       1.0000000000,  41.548108e-15, -476.83716e-09,
                     -41.548108e-15,   1.0000000000,   0.0000000000,
                      476.83716e-09,  19.811682e-21,   1.0000000000
                  </Orientation>
               </HpEngine05>
               <HpEngine06>
                  <Position type="Vector">10.569718, 6.2238712, 36.791496</Position>
                  <Orientation type="Matrix">
                       1.0000000000,  41.548108e-15, -476.83716e-09,
                     -41.548108e-15,   1.0000000000,   0.0000000000,
                      476.83716e-09,  19.811682e-21,   1.0000000000
                  </Orientation>
               </HpEngine06>
               <HpEngine07>
                  <Position type="Vector">-10.290033, -13.609524, 25.098896</Position>
                  <Orientation type="Matrix">
                       1.0000000000, -17.494918e-15, -150.99585e-09,
                     -150.99585e-09, -162.92068e-09,  -1.0000000000,
                     -7.1054274e-15,   1.0000000000, -162.92068e-09
                  </Orientation>
               </HpEngine07>
               <HpEngine08>
                  <Position type="Vector">10.130513, -13.609524, 25.098894</Position>
                  <Orientation type="Matrix">
                       1.0000000000, -17.494918e-15, -150.99585e-09,
                     -150.99585e-09, -162.92068e-09,  -1.0000000000,
                     -7.1054274e-15,   1.0000000000, -162.92068e-09
                  </Orientation>
               </HpEngine08>
               <HpEngine09>
                  <Position type="Vector">-5.8107576, -12.668068, -10.267611</Position>
                  <Orientation type="Matrix">
                       1.0000000000, -17.494918e-15, -150.99585e-09,
                     -150.99585e-09, -162.92068e-09,  -1.0000000000,
                     -7.1054274e-15,   1.0000000000, -162.92068e-09
                  </Orientation>
               </HpEngine09>
               <HpEngine10>
                  <Position type="Vector">5.7071576, -12.668068, -10.267611</Position>
                  <Orientation type="Matrix">
                       1.0000000000, -17.494918e-15, -150.99585e-09,
                     -150.99585e-09, -162.92068e-09,  -1.0000000000,
                     -7.1054274e-15,   1.0000000000, -162.92068e-09
                  </Orientation>
               </HpEngine10>
               <HpEngine11>
                  <Position type="Vector">-15.651662, -0.47056291, -10.280058</Position>
                  <Orientation type="Matrix">
                      53.385072e-09, -268.22090e-09,  -1.0000000000,
                      -1.0000000000,  53.385072e-09, -53.385087e-09,
                      53.385087e-09,   1.0000000000, -268.22090e-09
                  </Orientation>
               </HpEngine11>
               <HpEngine12>
                  <Position type="Vector">15.841163, -0.47056004, -10.280061</Position>
                  <Orientation type="Matrix">
                      137.67874e-09, -29.802322e-09,   1.0000000000,
                      -1.0000000000,  137.67880e-09,  137.67874e-09,
                     -137.67880e-09,  -1.0000000000, -29.802322e-09
                  </Orientation>
               </HpEngine12>
               <HpExhaust01>
                  <Position type="Vector">13.673116, 9.6024542, -5.7178316</Position>
                  <Orientation type="Matrix">
                      221.97244e-09,  268.22090e-09,   1.0000000000,
                       1.0000000000,  221.97244e-09, -221.97250e-09,
                     -221.97250e-09,   1.0000000000, -268.22090e-09
                  </Orientation>
               </HpExhaust01>
               <HpExhaust02>
                  <Position type="Vector">-13.562272, 9.6024551, -5.7178302</Position>
                  <Orientation type="Matrix">
                      221.97250e-09, -357.62784e-09,  -0.9999998800,
                       1.0000000000,  221.97248e-09,  221.97241e-09,
                      221.97243e-09,  -0.9999998800,  357.62784e-09
                  </Orientation>
               </HpExhaust02>
               <HpHeadlight01>
                  <Position type="Vector">0.012281358, 23.736019, 11.897689</Position>
                  <Orientation type="Matrix">
                       1.0000000000,  26.194577e-18,  11.415349e-09,
                       0.0000000000,   1.0000000000, -2.2946804e-09,
                     -11.415349e-09,  2.2946804e-09,   1.0000000000
                  </Orientation>
               </HpHeadlight01>
               <HpMount>
                  <Position type="Vector">0.012282821, -0.832986, -48.33223</Position>
                  <Orientation type="Matrix">
                       1.0000000000,  1.2602417e-09,  20.906894e-09,
                     -1.2602417e-09,   1.0000000000, -399.36437e-12,
                     -20.906894e-09,  399.36435e-12,   1.0000000000
                  </Orientation>
               </HpMount>
               <HpRunningLight03>
                  <Position type="Vector">19.135534, 10.716734, 31.949497</Position>
                  <Orientation type="Matrix">
                      -0.7071071300, -58.047355e-09,  -0.7071064700,
                     -82.091319e-09,   1.0000000000,   0.0000000000,
                       0.7071064700,  58.047302e-09,  -0.7071071300
                  </Orientation>
               </HpRunningLight03>
               <HpRunningLight04>
                  <Position type="Vector">-19.059298, 10.716735, 31.949503</Position>
                  <Orientation type="Matrix">
                      -0.7071069500, -14.245579e-09,   0.7071065900,
                     -25.075074e-09,   1.0000000000, -4.9287898e-09,
                      -0.7071065900, -21.215932e-09,  -0.7071069500
                  </Orientation>
               </HpRunningLight04>
               <HpRunningLight05>
                  <Position type="Vector">0.012281394, 10.716736, 37.213444</Position>
                  <Orientation type="Matrix">
                      -1.0000000000,   0.0000000000,  150.99580e-09,
                       0.0000000000,   1.0000000000,   0.0000000000,
                     -150.99580e-09,   0.0000000000,  -1.0000000000
                  </Orientation>
               </HpRunningLight05>
               <HpRunningLight06>
                  <Position type="Vector">0.012276836, 12.724367, -5.6363039</Position>
                  <Orientation type="Matrix">
                      -1.0000000000,  150.99580e-09, -25.073409e-15,
                     -35.527137e-15, -401.33926e-09,  -1.0000000000,
                     -150.99580e-09,  -1.0000000000,  401.33926e-09
                  </Orientation>
               </HpRunningLight06>
               <HpRunningLight07>
                  <Position type="Vector">0.012281374, 23.452702, 11.407147</Position>
                  <Orientation type="Matrix">
                       1.0000000000,  3.6540670e-09,  20.723242e-09,
                       0.0000000000,   0.9848077300,  -0.1736481900,
                     -21.042931e-09,   0.1736481900,   0.9848077300
                  </Orientation>
               </HpRunningLight07>
               <HpRunningLight08>
                  <Position type="Vector">0.012281262, 23.4527, 19.413572</Position>
                  <Orientation type="Matrix">
                       1.0000000000, -482.83681e-15, -225.15053e-15,
                     -532.75147e-15,  -0.9063077600,  -0.4226183300,
                       0.0000000000,   0.4226183300,  -0.9063077600
                  </Orientation>
               </HpRunningLight08>
               <HpTractor_Source>
                  <Position type="Vector">0.012281358, 23.736019, 11.897689</Position>
                  <Orientation type="Matrix">
                       1.0000000000,  26.194577e-18,  11.415349e-09,
                       0.0000000000,   1.0000000000, -2.2946804e-09,
                     -11.415349e-09,  2.2946804e-09,   1.0000000000
                  </Orientation>
               </HpTractor_Source>
            </Fixed>
            <Revolute>
               <HpTurret_U1_01>
                  <Position type="Vector">12.006038, 13.893964, 26.577328</Position>
                  <Orientation type="Matrix">
                      313.91647e-09, -41.338794e-09,  -1.0000000000,
                     -163.70304e-09,   1.0000000000, -41.338843e-09,
                       1.0000000000,  163.70305e-09,  313.91647e-09
                  </Orientation>
                  <Axis type="Vector">0, 1, 0</Axis>
                  <Min type="float">-2.9670601</Min>
                  <Max type="float">1.6580499</Max>
               </HpTurret_U1_01>
               <HpTurret_U1_02>
                  <Position type="Vector">-12.120475, 13.893965, 26.577337</Position>
                  <Orientation type="Matrix">
                      75.497901e-09,   0.0000000000,   1.0000000000,
                       0.0000000000,   1.0000000000,   0.0000000000,
                      -1.0000000000,   0.0000000000,  75.497901e-09
                  </Orientation>
                  <Axis type="Vector">0, 1, 0</Axis>
                  <Min type="float">-1.65807</Min>
                  <Max type="float">2.9670398</Max>
               </HpTurret_U1_02>
               <HpTurret_U1_03>
                  <Position type="Vector">-0.014518091, -1.5189077, 32.373688</Position>
                  <Orientation type="Matrix">
                      -1.0000000000,  389.41437e-09,  63.443655e-15,
                       0.0000000000, -162.92068e-09,   1.0000000000,
                      389.41437e-09,   1.0000000000,  162.92068e-09
                  </Orientation>
                  <Axis type="Vector">0, 1, 0</Axis>
                  <Min type="float">-1.30901</Min>
                  <Max type="float">1.30899</Max>
               </HpTurret_U1_03>
               <HpTurret_U1_04>
                  <Position type="Vector">-17.049673, 1.0884254, 26.577333</Position>
                  <Orientation type="Matrix">
                       0.3090169700,  -0.9510565400, -274.64057e-09,
                      -0.9510565400,  -0.3090169700,  46.660265e-09,
                     -129.24515e-09,  246.77990e-09,  -1.0000000000
                  </Orientation>
                  <Axis type="Vector">0, 1, 0</Axis>
                  <Min type="float">-2.26893</Min>
                  <Max type="float">3.12413</Max>
               </HpTurret_U1_04>
               <HpTurret_U1_05>
                  <Position type="Vector">17.052826, 1.0884283, 26.577326</Position>
                  <Orientation type="Matrix">
                       0.3090165000,   0.9510566600, -597.10470e-09,
                       0.9510566600,  -0.3090165000,  194.01074e-09,
                       0.0000000000, -627.83295e-09,  -1.0000000000
                  </Orientation>
                  <Axis type="Vector">0, 1, 0</Axis>
                  <Min type="float">-3.12415</Min>
                  <Max type="float">2.2689099</Max>
               </HpTurret_U1_05>
            </Revolute>
         </Hardpoints>
      </bm_ge_lifter231216154654.3db>
      <lifter_port_eng_lod1231216154654.3db>
         <MultiLevel>
            <Switch2 type="float array" count="5">
               0,
               100,
               1000,
               10000,
               1000000
            </Switch2>
            <Level0>
               <VMeshPart>
                  <VMeshRef type="VMeshRef">
                     <!-- header size  --> 60,
                     <!-- vmesh lib    --> bm_ge_lifter.lod0-112.vms,
                     <!-- start vert   --> 1843,
                     <!-- num verts    --> 254,
                     <!-- start index  --> 3336,
                     <!-- num indices  --> 408,
                     <!-- start mesh   --> 11,
                     <!-- num meshes   --> 8,
                     <!-- bounding box -->  12.262606,    4.2450919,  7.1799502,
                                           -12.034985,  -11.321657,  -5.2792501,
                     <!-- center       -->   1.0560932,  -3.0789037,  0.29630709,
                     <!-- radius       --> 14.453466
                  </VMeshRef>
               </VMeshPart>
            </Level0>
            <Level1>
               <VMeshPart>
                  <VMeshRef type="VMeshRef">
                     <!-- header size  --> 60,
                     <!-- vmesh lib    --> bm_ge_lifter.lod1-112.vms,
                     <!-- start vert   --> 1174,
                     <!-- num verts    --> 182,
                     <!-- start index  --> 1896,
                     <!-- num indices  --> 282,
                     <!-- start mesh   --> 11,
                     <!-- num meshes   --> 8,
                     <!-- bounding box -->  12.262606,    4.2450924,  7.1799474,
                                           -12.771442,  -11.321657,  -5.2792516,
                     <!-- center       -->   1.0560932,  -3.0789037,  0.29630709,
                     <!-- radius       --> 14.51747
                  </VMeshRef>
               </VMeshPart>
            </Level1>
            <Level2>
               <VMeshPart>
                  <VMeshRef type="VMeshRef">
                     <!-- header size  --> 60,
                     <!-- vmesh lib    --> bm_ge_lifter.lod2-112.vms,
                     <!-- start vert   --> 545,
                     <!-- num verts    --> 88,
                     <!-- start index  --> 906,
                     <!-- num indices  --> 120,
                     <!-- start mesh   --> 8,
                     <!-- num meshes   --> 4,
                     <!-- bounding box -->  12.262606,    4.2450924,  7.1799474,
                                           -12.771442,  -11.321657,  -6.0604868,
                     <!-- center       -->   1.0560932,  -3.0789037,  0.29630709,
                     <!-- radius       --> 14.51747
                  </VMeshRef>
               </VMeshPart>
            </Level2>
            <Level3>
               <VMeshPart>
                  <VMeshRef type="VMeshRef">
                     <!-- header size  --> 60,
                     <!-- vmesh lib    --> bm_ge_lifter.lod3-112.vms,
                     <!-- start vert   --> 259,
                     <!-- num verts    --> 65,
                     <!-- start index  --> 408,
                     <!-- num indices  --> 84,
                     <!-- start mesh   --> 3,
                     <!-- num meshes   --> 5,
                     <!-- bounding box -->  12.262606,    4.2450924,  7.2280669,
                                           -12.069824,  -11.32863,   -6.0604868,
                     <!-- center       -->   1.0560932,  -3.0789037,  0.29630709,
                     <!-- radius       --> 15.854984
                  </VMeshRef>
               </VMeshPart>
            </Level3>
         </MultiLevel>
         <VMeshWire include="bm_ge_lifter_cmp\lifter_port_eng_lod1.vwd.xml"/>
         <Hardpoints>
            <Fixed>
               <HpEngine01>
                  <Position type="Vector">-6.9007721, -6.1158824, 6.6313033</Position>
                  <Orientation type="Matrix">
                       1.0000000000, -28.955089e-15, -476.83716e-09,
                     -13.677471e-15,   1.0000000000, -89.406960e-09,
                      476.83716e-09,  89.406960e-09,   1.0000000000
                  </Orientation>
               </HpEngine01>
               <HpRunningLight02>
                  <Position type="Vector">-12.356888, -4.1782851, -2.262413</Position>
                  <Orientation type="Matrix">
                      194.70718e-09,  211.75824e-24,   1.0000000000,
                     -888.17874e-18,   1.0000000000,   0.0000000000,
                      -1.0000000000, -888.17874e-18,  194.70718e-09
                  </Orientation>
               </HpRunningLight02>
            </Fixed>
         </Hardpoints>
      </lifter_port_eng_lod1231216154654.3db>
      <lifter_star_eng_lod1231216154654.3db>
         <MultiLevel>
            <Switch2 type="float array" count="5">
               0,
               100,
               1000,
               10000,
               1000000
            </Switch2>
            <Level0>
               <VMeshPart>
                  <VMeshRef type="VMeshRef">
                     <!-- header size  --> 60,
                     <!-- vmesh lib    --> bm_ge_lifter.lod0-112.vms,
                     <!-- start vert   --> 2097,
                     <!-- num verts    --> 252,
                     <!-- start index  --> 3744,
                     <!-- num indices  --> 408,
                     <!-- start mesh   --> 19,
                     <!-- num meshes   --> 8,
                     <!-- bounding box -->  12.034981,    4.24509,    7.1799469,
                                           -12.262607,  -11.321655,  -5.2792497,
                     <!-- center       -->  -1.0560951,  -3.0789046,  0.29630613,
                     <!-- radius       --> 14.453465
                  </VMeshRef>
               </VMeshPart>
            </Level0>
            <Level1>
               <VMeshPart>
                  <VMeshRef type="VMeshRef">
                     <!-- header size  --> 60,
                     <!-- vmesh lib    --> bm_ge_lifter.lod1-112.vms,
                     <!-- start vert   --> 1356,
                     <!-- num verts    --> 182,
                     <!-- start index  --> 2178,
                     <!-- num indices  --> 282,
                     <!-- start mesh   --> 19,
                     <!-- num meshes   --> 8,
                     <!-- bounding box -->  12.771439,    4.2450914,  7.1799507,
                                           -12.262606,  -11.321657,  -5.2792463,
                     <!-- center       -->  -1.0560951,  -3.0789046,  0.29630613,
                     <!-- radius       --> 14.517467
                  </VMeshRef>
               </VMeshPart>
            </Level1>
            <Level2>
               <VMeshPart>
                  <VMeshRef type="VMeshRef">
                     <!-- header size  --> 60,
                     <!-- vmesh lib    --> bm_ge_lifter.lod2-112.vms,
                     <!-- start vert   --> 633,
                     <!-- num verts    --> 88,
                     <!-- start index  --> 1026,
                     <!-- num indices  --> 120,
                     <!-- start mesh   --> 12,
                     <!-- num meshes   --> 4,
                     <!-- bounding box -->  12.771435,    4.2450895,  7.1799526,
                                           -12.262608,  -11.321655,  -6.0604753,
                     <!-- center       -->  -1.0560951,  -3.0789046,  0.29630613,
                     <!-- radius       --> 14.517463
                  </VMeshRef>
               </VMeshPart>
            </Level2>
            <Level3>
               <VMeshPart>
                  <VMeshRef type="VMeshRef">
                     <!-- header size  --> 60,
                     <!-- vmesh lib    --> bm_ge_lifter.lod3-112.vms,
                     <!-- start vert   --> 324,
                     <!-- num verts    --> 65,
                     <!-- start index  --> 492,
                     <!-- num indices  --> 84,
                     <!-- start mesh   --> 8,
                     <!-- num meshes   --> 5,
                     <!-- bounding box -->  12.069824,    4.245091,   7.2280693,
                                           -12.262606,  -11.32863,   -6.0604811,
                     <!-- center       -->  -1.0560951,  -3.0789046,  0.29630613,
                     <!-- radius       --> 15.854983
                  </VMeshRef>
               </VMeshPart>
            </Level3>
         </MultiLevel>
         <VMeshWire include="bm_ge_lifter_cmp\lifter_star_eng_lod1.vwd.xml"/>
         <Hardpoints>
            <Fixed>
               <HpEngine02>
                  <Position type="Vector">6.6402092, -6.1158824, 6.6313038</Position>
                  <Orientation type="Matrix">
                       1.0000000000, -39.376698e-15, -476.83716e-09,
                     -31.677575e-15,   1.0000000000, -149.01161e-09,
                      476.83716e-09,  149.01161e-09,   1.0000000000
                  </Orientation>
               </HpEngine02>
               <HpRunningLight01>
                  <Position type="Vector">12.350937, -4.1782813, -2.2624121</Position>
                  <Orientation type="Matrix">
                      313.91647e-09,  3.1825904e-15,  -1.0000000000,
                     -11.553008e-09,   1.0000000000, -444.08921e-18,
                       1.0000000000,  11.553008e-09,  313.91647e-09
                  </Orientation>
               </HpRunningLight01>
            </Fixed>
         </Hardpoints>
      </lifter_star_eng_lod1231216154654.3db>
      <lifter_clamp01_lod1231216154654.3db>
         <MultiLevel>
            <Switch2 type="float array" count="5">
               0,
               100,
               1000,
               10000,
               1000000
            </Switch2>
            <Level0>
               <VMeshPart>
                  <VMeshRef type="VMeshRef">
                     <!-- header size  --> 60,
                     <!-- vmesh lib    --> bm_ge_lifter.lod0-112.vms,
                     <!-- start vert   --> 2349,
                     <!-- num verts    --> 400,
                     <!-- start index  --> 4152,
                     <!-- num indices  --> 672,
                     <!-- start mesh   --> 27,
                     <!-- num meshes   --> 5,
                     <!-- bounding box -->  18.129269,     8.0587454,   2.9108562,
                                           -18.129272,   -16.864166,  -19.636471,
                     <!-- center       -->   0.14603081,  -3.2110288, -10.506088,
                     <!-- radius       --> 23.978321
                  </VMeshRef>
               </VMeshPart>
            </Level0>
            <Level1>
               <VMeshPart>
                  <VMeshRef type="VMeshRef">
                     <!-- header size  --> 60,
                     <!-- vmesh lib    --> bm_ge_lifter.lod1-112.vms,
                     <!-- start vert   --> 1538,
                     <!-- num verts    --> 256,
                     <!-- start index  --> 2460,
                     <!-- num indices  --> 432,
                     <!-- start mesh   --> 27,
                     <!-- num meshes   --> 4,
                     <!-- bounding box -->  18.129269,     8.0654459,   2.9108505,
                                           -18.129271,   -16.867256,  -19.627419,
                     <!-- center       -->   0.14603081,  -3.2110288, -10.506088,
                     <!-- radius       --> 24.408066
                  </VMeshRef>
               </VMeshPart>
            </Level1>
            <Level2>
               <VMeshPart>
                  <VMeshRef type="VMeshRef">
                     <!-- header size  --> 60,
                     <!-- vmesh lib    --> bm_ge_lifter.lod2-112.vms,
                     <!-- start vert   --> 721,
                     <!-- num verts    --> 216,
                     <!-- start index  --> 1146,
                     <!-- num indices  --> 288,
                     <!-- start mesh   --> 16,
                     <!-- num meshes   --> 2,
                     <!-- bounding box -->  17.975382,     8.0654459,   2.9108505,
                                           -18.129271,   -16.870197,  -19.627419,
                     <!-- center       -->   0.14603081,  -3.2110288, -10.506088,
                     <!-- radius       --> 24.526815
                  </VMeshRef>
               </VMeshPart>
            </Level2>
            <Level3>
               <VMeshPart>
                  <VMeshRef type="VMeshRef">
                     <!-- header size  --> 60,
                     <!-- vmesh lib    --> bm_ge_lifter.lod3-112.vms,
                     <!-- start vert   --> 389,
                     <!-- num verts    --> 160,
                     <!-- start index  --> 576,
                     <!-- num indices  --> 240,
                     <!-- start mesh   --> 13,
                     <!-- num meshes   --> 2,
                     <!-- bounding box -->  17.975382,     8.0654459,   2.9108505,
                                           -18.129271,   -16.870197,  -19.627419,
                     <!-- center       -->   0.14603081,  -3.2110288, -10.506088,
                     <!-- radius       --> 24.526815
                  </VMeshRef>
               </VMeshPart>
            </Level3>
         </MultiLevel>
         <VMeshWire include="bm_ge_lifter_cmp\lifter_clamp01_lod1.vwd.xml"/>
      </lifter_clamp01_lod1231216154654.3db>
   </UTF_ROOT>
</UTFXML>
