<?xml version="1.0" encoding="ISO-8859-1"?>
<!-- XML generated by UTFXML Version 2.2 built 19-Aug-2010 -->
<UTFXML filename="bm_jump_gate_broken.cmp" path="BMOD\SOLAR\WRECKS">
   <UTF_ROOT>
      <VMeshLibrary>
         <bm_jump_gate_broken.lod0-112.vms include="bm_jump_gate_broken_cmp\lod0-112.vms.xml"/>
         <bm_jump_gate_broken.lod1-112.vms include="bm_jump_gate_broken_cmp\lod1-112.vms.xml"/>
         <bm_jump_gate_broken.lod2-212.vms include="bm_jump_gate_broken_cmp\lod2-212.vms.xml"/>
         <bm_jump_gate_broken.lod3-212.vms include="bm_jump_gate_broken_cmp\lod3-212.vms.xml"/>
         <bm_jump_gate_broken.lod4-212.vms include="bm_jump_gate_broken_cmp\lod4-212.vms.xml"/>
         <bm_jump_gate_broken.lod2-112.vms include="bm_jump_gate_broken_cmp\lod2-112.vms.xml"/>
         <bm_jump_gate_broken.lod3-112.vms include="bm_jump_gate_broken_cmp\lod3-112.vms.xml"/>
      </VMeshLibrary>
      <Exporter_Version name="Exporter Version" type="text">MAXLancer Tools 0.97</Exporter_Version>
      <Cmpnd>
         <Cons>
            <Rev type="Rev" count="3">
               <part>
                  <!-- parent      --> "Root",
                  <!-- child       --> "door1_lod1",
                  <!-- position    --> -262.21927, 324.91956, -492.15277,
                  <!-- offset      --> 0, 0, -0,
                  <!-- orientation -->   0.1164191100,  -0.6701929600,   0.7329992700,
                                         0.6180813300,   0.6265843500,   0.4747288200,
                                        -0.7774458500,   0.3977857200,   0.4871801700,
                  <!-- axis        -->   0.7071067100,   0.7071068300, -159.28418e-09,
                  <!-- min, max    --> 0, 0.61110997
               </part>
               <part>
                  <!-- parent      --> "Root",
                  <!-- child       --> "door3_lod1",
                  <!-- position    --> 123.57297, -313.67773, -368.11841,
                  <!-- offset      --> 0, 0, -0,
                  <!-- orientation -->   0.6370172500,  -0.0919506550,   0.7653458100,
                                        -0.7216630000,  -0.4201184800,   0.5501847300,
                                         0.2709460600,  -0.9027988300,  -0.3339800500,
                  <!-- axis        -->  -0.7071067700,  -0.7071068300,  27.426982e-09,
                  <!-- min, max    --> 0, 0.61110997
               </part>
               <part>
                  <!-- parent      --> "Root",
                  <!-- child       --> "door4_lod1",
                  <!-- position    --> -235.78371, -331.83643, -368.11835,
                  <!-- offset      --> 0, 0, -0,
                  <!-- orientation -->  -0.2275635900,   0.7992695000,   0.5562218400,
                                         0.1908409300,  -0.5235245200,   0.8303623800,
                                         0.9548794000,   0.2951101400,  -0.0333982890,
                  <!-- axis        -->  -0.7071068300,   0.7071067100,  312.69758e-09,
                  <!-- min, max    --> 0, 0.61110997
               </part>
            </Rev>
         </Cons>
         <Part_door1_lod1>
            <Object_name name="Object name" type="text">door1_lod1</Object_name>
            <Index type="int">0</Index>
            <File_name name="File name" type="text">door1_lod1241227164931.3db</File_name>
         </Part_door1_lod1>
         <Part_door3_lod1>
            <Object_name name="Object name" type="text">door3_lod1</Object_name>
            <Index type="int">0</Index>
            <File_name name="File name" type="text">door3_lod1241227164931.3db</File_name>
         </Part_door3_lod1>
         <Part_door4_lod1>
            <Object_name name="Object name" type="text">door4_lod1</Object_name>
            <Index type="int">0</Index>
            <File_name name="File name" type="text">door4_lod1241227164931.3db</File_name>
         </Part_door4_lod1>
         <Root>
            <Object_name name="Object name" type="text">Root</Object_name>
            <Index type="int">0</Index>
            <File_name name="File name" type="text">bm_jump_gate_broken241227164931.3db</File_name>
         </Root>
      </Cmpnd>
      <bm_jump_gate_broken241227164931.3db>
         <MultiLevel>
            <Switch2 type="float array" count="6">
               0,
               100,
               1000,
               10000,
               100000,
               1000000
            </Switch2>
            <Level0>
               <VMeshPart>
                  <VMeshRef type="VMeshRef">
                     <!-- header size  --> 60,
                     <!-- vmesh lib    --> bm_jump_gate_broken.lod0-112.vms,
                     <!-- start vert   --> 0,
                     <!-- num verts    --> 1268,
                     <!-- start index  --> 0,
                     <!-- num indices  --> 1968,
                     <!-- start mesh   --> 0,
                     <!-- num meshes   --> 5,
                     <!-- bounding box -->  284.6839,     289.87027,    342.91757,
                                           -287.64764,   -282.46121,   -482.54391,
                     <!-- center       -->   -1.9901379,    9.1987419,  -63.971607,
                     <!-- radius       --> 458.88104
                  </VMeshRef>
               </VMeshPart>
            </Level0>
            <Level1>
               <VMeshPart>
                  <VMeshRef type="VMeshRef">
                     <!-- header size  --> 60,
                     <!-- vmesh lib    --> bm_jump_gate_broken.lod1-112.vms,
                     <!-- start vert   --> 0,
                     <!-- num verts    --> 1076,
                     <!-- start index  --> 0,
                     <!-- num indices  --> 1365,
                     <!-- start mesh   --> 0,
                     <!-- num meshes   --> 5,
                     <!-- bounding box -->  282.65948,    287.84586,    342.91751,
                                           -285.62326,   -280.4368,    -482.54428,
                     <!-- center       -->   -1.9901379,    9.1987419,  -63.971607,
                     <!-- radius       --> 457.11923
                  </VMeshRef>
               </VMeshPart>
            </Level1>
            <Level2>
               <VMeshPart>
                  <VMeshRef type="VMeshRef">
                     <!-- header size  --> 60,
                     <!-- vmesh lib    --> bm_jump_gate_broken.lod2-212.vms,
                     <!-- start vert   --> 0,
                     <!-- num verts    --> 658,
                     <!-- start index  --> 0,
                     <!-- num indices  --> 768,
                     <!-- start mesh   --> 0,
                     <!-- num meshes   --> 5,
                     <!-- bounding box -->  282.65948,    287.84586,    342.91266,
                                           -285.62326,   -280.4368,    -482.79416,
                     <!-- center       -->   -1.9901379,    9.1987419,  -63.971607,
                     <!-- radius       --> 456.33124
                  </VMeshRef>
               </VMeshPart>
            </Level2>
            <Level3>
               <VMeshPart>
                  <VMeshRef type="VMeshRef">
                     <!-- header size  --> 60,
                     <!-- vmesh lib    --> bm_jump_gate_broken.lod3-212.vms,
                     <!-- start vert   --> 0,
                     <!-- num verts    --> 464,
                     <!-- start index  --> 0,
                     <!-- num indices  --> 504,
                     <!-- start mesh   --> 0,
                     <!-- num meshes   --> 5,
                     <!-- bounding box -->  282.65948,    287.84586,    342.91266,
                                           -285.62326,   -280.4368,    -482.79416,
                     <!-- center       -->   -1.9901379,    9.1987419,  -63.971607,
                     <!-- radius       --> 456.33124
                  </VMeshRef>
               </VMeshPart>
            </Level3>
            <Level4>
               <VMeshPart>
                  <VMeshRef type="VMeshRef">
                     <!-- header size  --> 60,
                     <!-- vmesh lib    --> bm_jump_gate_broken.lod4-212.vms,
                     <!-- start vert   --> 0,
                     <!-- num verts    --> 96,
                     <!-- start index  --> 0,
                     <!-- num indices  --> 144,
                     <!-- start mesh   --> 0,
                     <!-- num meshes   --> 3,
                     <!-- bounding box -->  181.08266,    186.26927,    342.91275,
                                           -184.04684,   -178.86032,   -593.79053,
                     <!-- center       -->   -1.9901379,    9.1987419,  -63.971607,
                     <!-- radius       --> 531.77344
                  </VMeshRef>
               </VMeshPart>
            </Level4>
         </MultiLevel>
         <VMeshWire include="bm_jump_gate_broken_cmp\bm_jump_gate_broken.vwd.xml"/>
         <Hardpoints>
            <Fixed>
               <HpDockMountA>
                  <Position type="Vector">1.5386021, 1.7925661, -239.4268</Position>
                  <Orientation type="Matrix">
                      -1.0000000000,   0.0000000000, -150.99580e-09,
                       0.0000000000,   1.0000000000,  -0.0000000000,
                      150.99580e-09,  -0.0000000000,  -1.0000000000
                  </Orientation>
               </HpDockMountA>
               <HpDockPointA01>
                  <Position type="Vector">1.5386643, 1.792673, -609.50623</Position>
                  <Orientation type="Matrix">
                      -1.0000000000,   0.0000000000, -150.99580e-09,
                       0.0000000000,   1.0000000000,  -0.0000000000,
                      150.99580e-09,  -0.0000000000,  -1.0000000000
                  </Orientation>
               </HpDockPointA01>
               <HpDockPointA02>
                  <Position type="Vector">1.5386958, 1.7926356, -702.49994</Position>
                  <Orientation type="Matrix">
                      -1.0000000000,   0.0000000000, -150.99580e-09,
                       0.0000000000,   1.0000000000,  -0.0000000000,
                      150.99580e-09,  -0.0000000000,  -1.0000000000
                  </Orientation>
               </HpDockPointA02>
               <HpFX09>
                  <Position type="Vector">1.039046, 69.597984, -872.56287</Position>
                  <Orientation type="Matrix">
                     -162.92068e-09, -631.22970e-18,  -1.0000000000,
                     -3.8744603e-09,   1.0000000000,  -0.0000000000,
                       1.0000000000,  3.8744603e-09, -162.92068e-09
                  </Orientation>
               </HpFX09>
               <HpFX1>
                  <Position type="Vector">-27.965471, 21.322695, -441.94675</Position>
                  <Orientation type="Matrix">
                     -134.39323e-09,  92.095640e-09,  -1.0000000000,
                       0.5652790100,   0.8248997900,  -0.0000000000,
                       0.8248997900,  -0.5652790100, -162.92068e-09
                  </Orientation>
               </HpFX1>
               <HpFX2>
                  <Position type="Vector">1.0390295, -0.13564076, -490.19608</Position>
                  <Orientation type="Matrix">
                       1.0000000000,   0.0000000000,  -0.0000000000,
                       0.0000000000,   1.0000000000,  -0.0000000000,
                      -0.0000000000,  -0.0000000000,   1.0000000000
                  </Orientation>
               </HpFX2>
               <HpFX3>
                  <Position type="Vector">1.039022, -0.13565801, -328.60538</Position>
                  <Orientation type="Matrix">
                       1.0000000000,   0.0000000000,  -0.0000000000,
                       0.0000000000,   1.0000000000,  -0.0000000000,
                      -0.0000000000,  -0.0000000000,   1.0000000000
                  </Orientation>
               </HpFX3>
               <HpFX4>
                  <Position type="Vector">1.0390184, -0.1356754, -100.96817</Position>
                  <Orientation type="Matrix">
                       1.0000000000,   0.0000000000,  -0.0000000000,
                       0.0000000000,   1.0000000000,  -0.0000000000,
                      -0.0000000000,  -0.0000000000,   1.0000000000
                  </Orientation>
               </HpFX4>
               <HpFX5>
                  <Position type="Vector">1.0390161, -0.13569145, 120.49957</Position>
                  <Orientation type="Matrix">
                       1.0000000000,   0.0000000000,  -0.0000000000,
                       0.0000000000,   1.0000000000,  -0.0000000000,
                      -0.0000000000,  -0.0000000000,   1.0000000000
                  </Orientation>
               </HpFX5>
               <HpFX6>
                  <Position type="Vector">1.0390083, -0.87846816, -10.143981</Position>
                  <Orientation type="Matrix">
                     -162.92068e-09, -631.22970e-18,  -1.0000000000,
                     -3.8744603e-09,   1.0000000000,  -0.0000000000,
                       1.0000000000,  3.8744603e-09, -162.92068e-09
                  </Orientation>
               </HpFX6>
               <HpFX7>
                  <Position type="Vector">1.0389986, -0.87851882, 215.80841</Position>
                  <Orientation type="Matrix">
                      -1.0000000000, -34.075832e-09,  150.99580e-09,
                     -34.075832e-09,   1.0000000000,  -0.0000000000,
                     -150.99580e-09, -5.1453076e-15,  -1.0000000000
                  </Orientation>
               </HpFX7>
               <HpFX8>
                  <Position type="Vector">1.0389988, 210.34187, 215.80843</Position>
                  <Orientation type="Matrix">
                      -1.0000000000, -34.075832e-09,  150.99580e-09,
                     -34.075832e-09,   1.0000000000,  -0.0000000000,
                     -150.99580e-09, -5.1453076e-15,  -1.0000000000
                  </Orientation>
               </HpFX8>
               <HpFXn01>
                  <Position type="Vector">1.0389967, 209.78831, 256.23547</Position>
                  <Orientation type="Matrix">
                     -162.92068e-09, -631.22970e-18,  -1.0000000000,
                     -3.8744603e-09,   1.0000000000,  -0.0000000000,
                       1.0000000000,  3.8744603e-09, -162.92068e-09
                  </Orientation>
               </HpFXn01>
               <HpFXn02>
                  <Position type="Vector">1.0390024, 74.180214, 120.43977</Position>
                  <Orientation type="Matrix">
                     -162.92068e-09, -631.22970e-18,  -1.0000000000,
                     -3.8744603e-09,   1.0000000000,  -0.0000000000,
                       1.0000000000,  3.8744603e-09, -162.92068e-09
                  </Orientation>
               </HpFXn02>
               <HpFXn03>
                  <Position type="Vector">1.0390369, 74.180405, -670.604</Position>
                  <Orientation type="Matrix">
                     -162.92068e-09, -631.22970e-18,  -1.0000000000,
                     -3.8744603e-09,   1.0000000000,  -0.0000000000,
                       1.0000000000,  3.8744603e-09, -162.92068e-09
                  </Orientation>
               </HpFXn03>
               <HpFXn04>
                  <Position type="Vector">1.0390444, 162.06723, -835.48474</Position>
                  <Orientation type="Matrix">
                     -162.92068e-09, -631.22970e-18,  -1.0000000000,
                     -3.8744603e-09,   1.0000000000,  -0.0000000000,
                       1.0000000000,  3.8744603e-09, -162.92068e-09
                  </Orientation>
               </HpFXn04>
               <HpRunningLight01>
                  <Position type="Vector">-292.54346, 294.01291, -243.89983</Position>
                  <Orientation type="Matrix">
                       0.7071068900,  -0.7071066500,  -0.0000000000,
                       0.7071066500,   0.7071068900,  -0.0000000000,
                      -0.0000000000,  -0.0000000000,   1.0000000000
                  </Orientation>
               </HpRunningLight01>
               <HpRunningLight02>
                  <Position type="Vector">291.57208, -290.04678, -243.89993</Position>
                  <Orientation type="Matrix">
                       0.7071068900,  -0.7071066500,  -0.0000000000,
                       0.7071066500,   0.7071068900,  -0.0000000000,
                      -0.0000000000,  -0.0000000000,   1.0000000000
                  </Orientation>
               </HpRunningLight02>
               <HpRunningLight03>
                  <Position type="Vector">292.28906, 296.50101, -243.8999</Position>
                  <Orientation type="Matrix">
                       0.7071068900,  -0.7071066500,  -0.0000000000,
                       0.7071066500,   0.7071068900,  -0.0000000000,
                      -0.0000000000,  -0.0000000000,   1.0000000000
                  </Orientation>
               </HpRunningLight03>
               <HpRunningLight04>
                  <Position type="Vector">-291.79861, -289.96304, -243.89986</Position>
                  <Orientation type="Matrix">
                       0.7071068900,  -0.7071066500,  -0.0000000000,
                       0.7071066500,   0.7071068900,  -0.0000000000,
                      -0.0000000000,  -0.0000000000,   1.0000000000
                  </Orientation>
               </HpRunningLight04>
            </Fixed>
            <Revolute>
               <HpTurret_S1_01>
                  <Position type="Vector">160.67213, 159.20276, -412.47525</Position>
                  <Orientation type="Matrix">
                       0.7071065900,   0.5171449800,   0.4822460100,
                      -0.7071067100,   0.5171449800,   0.4822457700,
                     -81.956387e-09,  -0.6819983100,   0.7313539400
                  </Orientation>
                  <Axis type="Vector">0, 1, -0</Axis>
                  <Min type="float">-6.2831855</Min>
                  <Max type="float">6.2831855</Max>
               </HpTurret_S1_01>
               <HpTurret_S1_02>
                  <Position type="Vector">-159.37379, -160.84322, -412.47531</Position>
                  <Orientation type="Matrix">
                      -0.7071088600,  -0.5171439100,  -0.4822444300,
                       0.7071054000,  -0.5171458100,  -0.4822472900,
                      465.66129e-09,  -0.6819987900,   0.7313534600
                  </Orientation>
                  <Axis type="Vector">0, 1, -0</Axis>
                  <Min type="float">-6.2831855</Min>
                  <Max type="float">6.2831855</Max>
               </HpTurret_S1_02>
               <HpTurret_S1_03>
                  <Position type="Vector">165.57832, 179.11952, 94.600838</Position>
                  <Orientation type="Matrix">
                      -0.7071067100,  -0.7071068300, -186.17901e-09,
                      -0.7071068300,   0.7071067100,  337.17475e-09,
                     -106.77014e-09,  370.06700e-09,  -1.0000000000
                  </Orientation>
                  <Axis type="Vector">0, 1, -0</Axis>
                  <Min type="float">-0.17454</Min>
                  <Max type="float">2.9670398</Max>
               </HpTurret_S1_03>
               <HpTurret_S1_04>
                  <Position type="Vector">178.97395, 165.72389, 94.600838</Position>
                  <Orientation type="Matrix">
                       0.7071065300,   0.7071070100, -106.77019e-09,
                       0.7071070100,  -0.7071065300,  106.77012e-09,
                     -3.5527133e-15, -150.99580e-09,  -1.0000000000
                  </Orientation>
                  <Axis type="Vector">0, 1, -0</Axis>
                  <Min type="float">-2.9670601</Min>
                  <Max type="float">0.17452</Max>
               </HpTurret_S1_04>
               <HpTurret_S1_05>
                  <Position type="Vector">-181.0853, -167.54413, 94.600792</Position>
                  <Orientation type="Matrix">
                      -0.7071067100,  -0.7071068300, -186.17901e-09,
                      -0.7071068300,   0.7071067100,  337.17475e-09,
                     -106.77014e-09,  370.06700e-09,  -1.0000000000
                  </Orientation>
                  <Axis type="Vector">0, 1, -0</Axis>
                  <Min type="float">-2.9670601</Min>
                  <Max type="float">0.17452</Max>
               </HpTurret_S1_05>
               <HpTurret_S1_06>
                  <Position type="Vector">-167.68967, -180.93974, 94.600792</Position>
                  <Orientation type="Matrix">
                       0.7071065300,   0.7071070100, -106.77019e-09,
                       0.7071070100,  -0.7071065300,  106.77012e-09,
                     -3.5527133e-15, -150.99580e-09,  -1.0000000000
                  </Orientation>
                  <Axis type="Vector">0, 1, -0</Axis>
                  <Min type="float">-0.17454</Min>
                  <Max type="float">2.9670398</Max>
               </HpTurret_S1_06>
               <HpTurret_S1_07>
                  <Position type="Vector">-169.44545, 182.64989, 94.600815</Position>
                  <Orientation type="Matrix">
                      -0.7071068900,   0.7071066500,  726.58906e-09,
                       0.7071066500,   0.7071068900,  337.17484e-09,
                     -275.35759e-09,  752.19464e-09,  -1.0000000000
                  </Orientation>
                  <Axis type="Vector">0, 1, -0</Axis>
                  <Min type="float">-2.9670601</Min>
                  <Max type="float">0.17452</Max>
               </HpTurret_S1_07>
               <HpTurret_S1_08>
                  <Position type="Vector">-182.62444, 169.47093, 94.600807</Position>
                  <Orientation type="Matrix">
                       0.7071069500,  -0.7071066500,  257.91402e-09,
                      -0.7071066500,  -0.7071069500,  275.35759e-09,
                     -12.334383e-09, -377.08000e-09,  -1.0000000000
                  </Orientation>
                  <Axis type="Vector">0, 1, -0</Axis>
                  <Min type="float">-0.17454</Min>
                  <Max type="float">2.9670398</Max>
               </HpTurret_S1_08>
               <HpTurret_S1_09>
                  <Position type="Vector">165.55214, -178.7056, 94.600822</Position>
                  <Orientation type="Matrix">
                       0.7071069500,  -0.7071066500, -106.77014e-09,
                      -0.7071066500,  -0.7071069500, -106.77018e-09,
                      -0.0000000000,  150.99580e-09,  -1.0000000000
                  </Orientation>
                  <Axis type="Vector">0, 1, -0</Axis>
                  <Min type="float">-2.9670601</Min>
                  <Max type="float">0.17452</Max>
               </HpTurret_S1_09>
               <HpTurret_S1_10>
                  <Position type="Vector">178.73109, -165.52663, 94.600822</Position>
                  <Orientation type="Matrix">
                      -0.7071068900,   0.7071066500,  218.22497e-09,
                       0.7071066500,   0.7071068900, -171.18947e-09,
                     -275.35759e-09,  33.259056e-09,  -1.0000000000
                  </Orientation>
                  <Axis type="Vector">0, 1, -0</Axis>
                  <Min type="float">-0.17454</Min>
                  <Max type="float">2.9670398</Max>
               </HpTurret_S1_10>
            </Revolute>
         </Hardpoints>
      </bm_jump_gate_broken241227164931.3db>
      <door1_lod1241227164931.3db>
         <MultiLevel>
            <Switch2 type="float array" count="5">
               0,
               100,
               1000,
               10000,
               1000000
            </Switch2>
            <Level0>
               <VMeshPart>
                  <VMeshRef type="VMeshRef">
                     <!-- header size  --> 60,
                     <!-- vmesh lib    --> bm_jump_gate_broken.lod0-112.vms,
                     <!-- start vert   --> 1268,
                     <!-- num verts    --> 57,
                     <!-- start index  --> 1968,
                     <!-- num indices  --> 144,
                     <!-- start mesh   --> 5,
                     <!-- num meshes   --> 3,
                     <!-- bounding box -->  66.98291,     12.143326,   -2.3962097,
                                           -67.058533,  -146.87009,  -223.43466,
                     <!-- center       -->   2.0357666,  -67.543671, -108.84122,
                     <!-- radius       --> 140.78551
                  </VMeshRef>
               </VMeshPart>
            </Level0>
            <Level1>
               <VMeshPart>
                  <VMeshRef type="VMeshRef">
                     <!-- header size  --> 60,
                     <!-- vmesh lib    --> bm_jump_gate_broken.lod1-112.vms,
                     <!-- start vert   --> 1076,
                     <!-- num verts    --> 33,
                     <!-- start index  --> 1365,
                     <!-- num indices  --> 60,
                     <!-- start mesh   --> 5,
                     <!-- num meshes   --> 3,
                     <!-- bounding box -->  66.982788,    12.143341,   -2.3962097,
                                           -67.058472,  -143.57324,  -223.43454,
                     <!-- center       -->   2.0357666,  -67.543671, -108.84122,
                     <!-- radius       --> 140.78542
                  </VMeshRef>
               </VMeshPart>
            </Level1>
            <Level2>
               <VMeshPart>
                  <VMeshRef type="VMeshRef">
                     <!-- header size  --> 60,
                     <!-- vmesh lib    --> bm_jump_gate_broken.lod2-112.vms,
                     <!-- start vert   --> 0,
                     <!-- num verts    --> 20,
                     <!-- start index  --> 0,
                     <!-- num indices  --> 39,
                     <!-- start mesh   --> 0,
                     <!-- num meshes   --> 3,
                     <!-- bounding box -->  66.98291,     12.143341,   -2.3962402,
                                           -67.058472,  -143.57327,  -223.43454,
                     <!-- center       -->   2.0357666,  -67.543671, -108.84122,
                     <!-- radius       --> 140.78545
                  </VMeshRef>
               </VMeshPart>
            </Level2>
            <Level3>
               <VMeshPart>
                  <VMeshRef type="VMeshRef">
                     <!-- header size  --> 60,
                     <!-- vmesh lib    --> bm_jump_gate_broken.lod3-112.vms,
                     <!-- start vert   --> 0,
                     <!-- num verts    --> 12,
                     <!-- start index  --> 0,
                     <!-- num indices  --> 21,
                     <!-- start mesh   --> 0,
                     <!-- num meshes   --> 3,
                     <!-- bounding box -->  66.98291,     12.143326,   -2.3962097,
                                           -67.058411,  -143.57332,  -223.43451,
                     <!-- center       -->   2.0357666,  -67.543671, -108.84122,
                     <!-- radius       --> 140.78543
                  </VMeshRef>
               </VMeshPart>
            </Level3>
         </MultiLevel>
         <VMeshWire include="bm_jump_gate_broken_cmp\door1_lod1.vwd.xml"/>
      </door1_lod1241227164931.3db>
      <door3_lod1241227164931.3db>
         <MultiLevel>
            <Switch2 type="float array" count="5">
               0,
               100,
               1000,
               10000,
               1000000
            </Switch2>
            <Level0>
               <VMeshPart>
                  <VMeshRef type="VMeshRef">
                     <!-- header size  --> 60,
                     <!-- vmesh lib    --> bm_jump_gate_broken.lod0-112.vms,
                     <!-- start vert   --> 1325,
                     <!-- num verts    --> 59,
                     <!-- start index  --> 2112,
                     <!-- num indices  --> 144,
                     <!-- start mesh   --> 8,
                     <!-- num meshes   --> 3,
                     <!-- bounding box -->  66.983063,    12.143402,   -2.3964233,
                                           -67.05838,   -146.87,     -223.43498,
                     <!-- center       -->   2.0357208,  -67.54364,  -108.84117,
                     <!-- radius       --> 140.78577
                  </VMeshRef>
               </VMeshPart>
            </Level0>
            <Level1>
               <VMeshPart>
                  <VMeshRef type="VMeshRef">
                     <!-- header size  --> 60,
                     <!-- vmesh lib    --> bm_jump_gate_broken.lod1-112.vms,
                     <!-- start vert   --> 1109,
                     <!-- num verts    --> 33,
                     <!-- start index  --> 1425,
                     <!-- num indices  --> 60,
                     <!-- start mesh   --> 8,
                     <!-- num meshes   --> 3,
                     <!-- bounding box -->  66.983063,    12.143402,   -2.3964233,
                                           -67.05838,   -143.57321,  -223.43501,
                     <!-- center       -->   2.0357208,  -67.54364,  -108.84117,
                     <!-- radius       --> 140.7858
                  </VMeshRef>
               </VMeshPart>
            </Level1>
            <Level2>
               <VMeshPart>
                  <VMeshRef type="VMeshRef">
                     <!-- header size  --> 60,
                     <!-- vmesh lib    --> bm_jump_gate_broken.lod2-112.vms,
                     <!-- start vert   --> 20,
                     <!-- num verts    --> 20,
                     <!-- start index  --> 39,
                     <!-- num indices  --> 39,
                     <!-- start mesh   --> 3,
                     <!-- num meshes   --> 3,
                     <!-- bounding box -->  66.982971,    12.143402,   -2.3964386,
                                           -67.05835,   -143.57318,  -223.43486,
                     <!-- center       -->   2.0357208,  -67.54364,  -108.84117,
                     <!-- radius       --> 140.78568
                  </VMeshRef>
               </VMeshPart>
            </Level2>
            <Level3>
               <VMeshPart>
                  <VMeshRef type="VMeshRef">
                     <!-- header size  --> 60,
                     <!-- vmesh lib    --> bm_jump_gate_broken.lod3-112.vms,
                     <!-- start vert   --> 12,
                     <!-- num verts    --> 12,
                     <!-- start index  --> 21,
                     <!-- num indices  --> 21,
                     <!-- start mesh   --> 3,
                     <!-- num meshes   --> 3,
                     <!-- bounding box -->  66.983002,    12.143402,   -2.3964386,
                                           -67.058228,  -143.57324,  -223.4348,
                     <!-- center       -->   2.0357208,  -67.54364,  -108.84117,
                     <!-- radius       --> 140.78561
                  </VMeshRef>
               </VMeshPart>
            </Level3>
         </MultiLevel>
         <VMeshWire include="bm_jump_gate_broken_cmp\door3_lod1.vwd.xml"/>
      </door3_lod1241227164931.3db>
      <door4_lod1241227164931.3db>
         <MultiLevel>
            <Switch2 type="float array" count="5">
               0,
               100,
               1000,
               10000,
               1000000
            </Switch2>
            <Level0>
               <VMeshPart>
                  <VMeshRef type="VMeshRef">
                     <!-- header size  --> 60,
                     <!-- vmesh lib    --> bm_jump_gate_broken.lod0-112.vms,
                     <!-- start vert   --> 1384,
                     <!-- num verts    --> 57,
                     <!-- start index  --> 2256,
                     <!-- num indices  --> 144,
                     <!-- start mesh   --> 11,
                     <!-- num meshes   --> 3,
                     <!-- bounding box -->  66.982849,    12.143494,   -2.3963928,
                                           -67.058533,  -146.86996,  -223.43484,
                     <!-- center       -->   2.0358887,  -67.543732, -108.84109,
                     <!-- radius       --> 140.78561
                  </VMeshRef>
               </VMeshPart>
            </Level0>
            <Level1>
               <VMeshPart>
                  <VMeshRef type="VMeshRef">
                     <!-- header size  --> 60,
                     <!-- vmesh lib    --> bm_jump_gate_broken.lod1-112.vms,
                     <!-- start vert   --> 1142,
                     <!-- num verts    --> 33,
                     <!-- start index  --> 1485,
                     <!-- num indices  --> 60,
                     <!-- start mesh   --> 11,
                     <!-- num meshes   --> 3,
                     <!-- bounding box -->  66.98288,     12.143494,   -2.3963928,
                                           -67.058472,  -143.57318,  -223.43472,
                     <!-- center       -->   2.0358887,  -67.543732, -108.84109,
                     <!-- radius       --> 140.78561
                  </VMeshRef>
               </VMeshPart>
            </Level1>
            <Level2>
               <VMeshPart>
                  <VMeshRef type="VMeshRef">
                     <!-- header size  --> 60,
                     <!-- vmesh lib    --> bm_jump_gate_broken.lod2-112.vms,
                     <!-- start vert   --> 40,
                     <!-- num verts    --> 20,
                     <!-- start index  --> 78,
                     <!-- num indices  --> 39,
                     <!-- start mesh   --> 6,
                     <!-- num meshes   --> 3,
                     <!-- bounding box -->  66.98288,     12.143494,   -2.3963928,
                                           -67.058533,  -143.57315,  -223.43478,
                     <!-- center       -->   2.0358887,  -67.543732, -108.84109,
                     <!-- radius       --> 140.78557
                  </VMeshRef>
               </VMeshPart>
            </Level2>
            <Level3>
               <VMeshPart>
                  <VMeshRef type="VMeshRef">
                     <!-- header size  --> 60,
                     <!-- vmesh lib    --> bm_jump_gate_broken.lod3-112.vms,
                     <!-- start vert   --> 24,
                     <!-- num verts    --> 12,
                     <!-- start index  --> 42,
                     <!-- num indices  --> 21,
                     <!-- start mesh   --> 6,
                     <!-- num meshes   --> 3,
                     <!-- bounding box -->  66.982849,    12.143494,   -2.3963928,
                                           -67.058441,  -143.57318,  -223.43472,
                     <!-- center       -->   2.0358887,  -67.543732, -108.84109,
                     <!-- radius       --> 140.78557
                  </VMeshRef>
               </VMeshPart>
            </Level3>
         </MultiLevel>
         <VMeshWire include="bm_jump_gate_broken_cmp\door4_lod1.vwd.xml"/>
      </door4_lod1241227164931.3db>
   </UTF_ROOT>
</UTFXML>
