<?xml version="1.0" encoding="ISO-8859-1"?>
<!-- XML generated by UTFXML Version 2.2 built 19-Aug-2010 -->
<UTFXML filename="bm_li_frigate.cmp" path="BMOD\SHIPS\MODELS\bm_li_frigate">
   <UTF_ROOT>
      <VMeshLibrary>
         <bm_li_frigate.lod0-112.vms include="bm_li_frigate_cmp\lod0-112.vms.xml"/>
      </VMeshLibrary>
      <Exporter_Version name="Exporter Version" type="text">MAXLancer Tools 0.97</Exporter_Version>
      <Cmpnd>
         <Root>
            <Object_name name="Object name" type="text">Root</Object_name>
            <Index type="int">0</Index>
            <File_name name="File name" type="text">bm_li_frigate231216155127.3db</File_name>
         </Root>
      </Cmpnd>
      <bm_li_frigate231216155127.3db>
         <VMeshPart>
            <VMeshRef type="VMeshRef">
               <!-- header size  --> 60,
               <!-- vmesh lib    --> bm_li_frigate.lod0-112.vms,
               <!-- start vert   --> 0,
               <!-- num verts    --> 9483,
               <!-- start index  --> 0,
               <!-- num indices  --> 11970,
               <!-- start mesh   --> 0,
               <!-- num meshes   --> 8,
               <!-- bounding box -->  17.699009,  16.61215,    68.23584,
                                     -17.699015, -11.927337,  -60.74411,
               <!-- center       -->   0,          2.3424058,   3.7458663,
               <!-- radius       --> 65.45179
            </VMeshRef>
         </VMeshPart>
         <VMeshWire include="bm_li_frigate_cmp\bm_li_frigate.vwd.xml"/>
         <Hardpoints>
            <Fixed>
               <HpBayDoor01>
                  <Position type="Vector">6.7584009, 8.9088011, 18.892801</Position>
                  <Orientation type="Matrix">
                       1.0000000000,   0.0000000000,   0.0000000000,
                       0.0000000000,   1.0000000000,   0.0000000000,
                       0.0000000000,   0.0000000000,   1.0000000000
                  </Orientation>
               </HpBayDoor01>
               <HpBayDoor02>
                  <Position type="Vector">-6.7584009, 8.9088011, 18.892801</Position>
                  <Orientation type="Matrix">
                       1.0000000000,   0.0000000000,   0.0000000000,
                       0.0000000000,   1.0000000000,   0.0000000000,
                       0.0000000000,   0.0000000000,   1.0000000000
                  </Orientation>
               </HpBayDoor02>
               <HpDockPointA>
                  <Position type="Vector">12.288001, 8.9088011, 18.892801</Position>
                  <Orientation type="Matrix">
                       1.0000000000,   0.0000000000,   0.0000000000,
                       0.0000000000,   1.0000000000,   0.0000000000,
                       0.0000000000,   0.0000000000,   1.0000000000
                  </Orientation>
               </HpDockPointA>
               <HpDockPointB>
                  <Position type="Vector">-12.288001, 8.9088011, 18.892801</Position>
                  <Orientation type="Matrix">
                       1.0000000000,   0.0000000000,   0.0000000000,
                       0.0000000000,   1.0000000000,   0.0000000000,
                       0.0000000000,   0.0000000000,   1.0000000000
                  </Orientation>
               </HpDockPointB>
               <HpEngine01>
                  <Position type="Vector">3.7416975, -1.081344, 62.6688</Position>
                  <Orientation type="Matrix">
                       1.0000000000,   0.0000000000,   0.0000000000,
                       0.0000000000,   1.0000000000,   0.0000000000,
                       0.0000000000,   0.0000000000,   1.0000000000
                  </Orientation>
               </HpEngine01>
               <HpEngine02>
                  <Position type="Vector">-3.7416975, -1.081344, 62.6688</Position>
                  <Orientation type="Matrix">
                       1.0000000000,   0.0000000000,   0.0000000000,
                       0.0000000000,   1.0000000000,  476.83716e-09,
                       0.0000000000, -476.83716e-09,   1.0000000000
                  </Orientation>
               </HpEngine02>
               <HpHeadLight01>
                  <Position type="Vector">0, 2.5743392, -60.576744</Position>
                  <Orientation type="Matrix">
                       1.0000000000,   0.0000000000,   0.0000000000,
                       0.0000000000,   1.0000000000,   0.0000000000,
                       0.0000000000,   0.0000000000,   1.0000000000
                  </Orientation>
               </HpHeadLight01>
               <HpMount>
                  <Position type="Vector">0, -9.216, -60.576744</Position>
                  <Orientation type="Matrix">
                       1.0000000000,   0.0000000000,   0.0000000000,
                       0.0000000000,   1.0000000000,   0.0000000000,
                       0.0000000000,   0.0000000000,   1.0000000000
                  </Orientation>
               </HpMount>
               <HpShield01>
                  <Position type="Vector">0, 0, 15.36</Position>
                  <Orientation type="Matrix">
                       1.0000000000,   0.0000000000,   0.0000000000,
                       0.0000000000,   1.0000000000,   0.0000000000,
                       0.0000000000,   0.0000000000,   1.0000000000
                  </Orientation>
               </HpShield01>
               <HpShield02>
                  <Position type="Vector">0, 0, -15.36</Position>
                  <Orientation type="Matrix">
                       1.0000000000,   0.0000000000,   0.0000000000,
                       0.0000000000,   1.0000000000,   0.0000000000,
                       0.0000000000,   0.0000000000,   1.0000000000
                  </Orientation>
               </HpShield02>
               <HpShield03>
                  <Position type="Vector">0, 0, 30.72</Position>
                  <Orientation type="Matrix">
                       1.0000000000,   0.0000000000,   0.0000000000,
                       0.0000000000,   1.0000000000,   0.0000000000,
                       0.0000000000,   0.0000000000,   1.0000000000
                  </Orientation>
               </HpShield03>
               <HpTractor_Source>
                  <Position type="Vector">0, 2.522114, -60.444721</Position>
                  <Orientation type="Matrix">
                       1.0000000000,   0.0000000000,   0.0000000000,
                       0.0000000000,   1.0000000000,   0.0000000000,
                       0.0000000000,   0.0000000000,   1.0000000000
                  </Orientation>
               </HpTractor_Source>
               <HpRunningLight01>
                  <Position type="Vector">6.6048012, 6.070271, -36.864002</Position>
                  <Orientation type="Matrix">
                       0.9948807400,   0.1010560300,   0.0000000000,
                      -0.1010560300,   0.9948807400,   0.0000000000,
                       0.0000000000,   0.0000000000,   1.0000000000
                  </Orientation>
               </HpRunningLight01>
               <HpRunningLight03>
                  <Position type="Vector">2.2118402, 8.0855141, -27.340803</Position>
                  <Orientation type="Matrix">
                       1.0000000000,   0.0000000000,   0.0000000000,
                       0.0000000000,   0.8090165900,   0.5877858400,
                       0.0000000000,  -0.5877858400,   0.8090165900
                  </Orientation>
               </HpRunningLight03>
               <HpRunningLight05>
                  <Position type="Vector">0, 10.552328, -25.024611</Position>
                  <Orientation type="Matrix">
                       1.0000000000,   0.0000000000,   0.0000000000,
                       0.0000000000,   0.9985366500,   0.0540788880,
                       0.0000000000,  -0.0540788880,   0.9985366500
                  </Orientation>
               </HpRunningLight05>
               <HpRunningLight06>
                  <Position type="Vector">0, 16.613426, 21.504002</Position>
                  <Orientation type="Matrix">
                       1.0000000000,   0.0000000000,   0.0000000000,
                       0.0000000000,   1.0000000000,   0.0000000000,
                       0.0000000000,   0.0000000000,   1.0000000000
                  </Orientation>
               </HpRunningLight06>
               <HpRunningLight07>
                  <Position type="Vector">13.956075, -1.3824002, 52.224003</Position>
                  <Orientation type="Matrix">
                      75.553544e-09,   0.9854086000,  -0.1702095900,
                      -0.9999995800,  75.699063e-09, -3.5188350e-09,
                      1.2078090e-09,   0.1702096500,   0.9854081300
                  </Orientation>
               </HpRunningLight07>
               <HpRunningLight09>
                  <Position type="Vector">0, -11.707388, 3.234813</Position>
                  <Orientation type="Matrix">
                      -1.0000000000,  87.422777e-09,   0.0000000000,
                     -87.422777e-09,  -1.0000000000,   0.0000000000,
                       0.0000000000,   0.0000000000,   1.0000000000
                  </Orientation>
               </HpRunningLight09>
               <HpRunningLight10>
                  <Position type="Vector">0, -11.513884, 10.963985</Position>
                  <Orientation type="Matrix">
                      -1.0000000000,  87.422777e-09,   0.0000000000,
                     -87.422777e-09,  -1.0000000000,   0.0000000000,
                       0.0000000000,   0.0000000000,   1.0000000000
                  </Orientation>
               </HpRunningLight10>
               <HpRunningLight11>
                  <Position type="Vector">0, -11.541527, 13.639682</Position>
                  <Orientation type="Matrix">
                      -1.0000000000,  87.422777e-09,   0.0000000000,
                     -87.422777e-09,  -1.0000000000,   0.0000000000,
                       0.0000000000,   0.0000000000,   1.0000000000
                  </Orientation>
               </HpRunningLight11>
               <HpRunningLight12>
                  <Position type="Vector">0, -11.541527, 16.312321</Position>
                  <Orientation type="Matrix">
                      -1.0000000000,  87.422777e-09,   0.0000000000,
                     -87.422777e-09,  -1.0000000000,   0.0000000000,
                       0.0000000000,   0.0000000000,   1.0000000000
                  </Orientation>
               </HpRunningLight12>
               <HpRunningLight13>
                  <Position type="Vector">0, -11.928534, -3.6864004</Position>
                  <Orientation type="Matrix">
                      -1.0000000000,  87.422777e-09,   0.0000000000,
                     -87.422777e-09,  -1.0000000000,   0.0000000000,
                       0.0000000000,   0.0000000000,   1.0000000000
                  </Orientation>
               </HpRunningLight13>
               <HpRunningLight02>
                  <Position type="Vector">-6.6048012, 6.0702744, -36.863991</Position>
                  <Orientation type="Matrix">
                       0.9948807400,  -0.1010559700, -477.18640e-09,
                       0.1010559400,   0.9948812700,  3.2596290e-09,
                      474.45064e-09, -42.840838e-09,   0.9999998800
                  </Orientation>
               </HpRunningLight02>
               <HpRunningLight04>
                  <Position type="Vector">-2.2118402, 8.0855141, -27.340803</Position>
                  <Orientation type="Matrix">
                       1.0000000000,   0.0000000000,   0.0000000000,
                       0.0000000000,   0.8090165900,   0.5877858400,
                       0.0000000000,  -0.5877858400,   0.8090165900
                  </Orientation>
               </HpRunningLight04>
               <HpRunningLight08>
                  <Position type="Vector">-13.956075, -1.3824002, 52.224003</Position>
                  <Orientation type="Matrix">
                      312.63335e-09,  -0.9854083700,   0.1702095000,
                       0.9999998200,  312.05127e-09, -33.151700e-09,
                     -30.093361e-09,   0.1702094800,   0.9854084300
                  </Orientation>
               </HpRunningLight08>
            </Fixed>
            <Revolute>
               <HpWeapon01>
                  <Position type="Vector">0, 7.0072379, -24.576002</Position>
                  <Orientation type="Matrix">
                       1.0000000000,   0.0000000000,   0.0000000000,
                       0.0000000000,   0.9835714700,  -0.1805192100,
                       0.0000000000,   0.1805192100,   0.9835714700
                  </Orientation>
                  <Axis type="Vector">0, 1, 0</Axis>
                  <Min type="float">0</Min>
                  <Max type="float">0</Max>
               </HpWeapon01>
               <HpTurret01>
                  <Position type="Vector">0, 11.172872, -17.817602</Position>
                  <Orientation type="Matrix">
                       1.0000000000,   0.0000000000,   0.0000000000,
                       0.0000000000,   0.9991229800,   0.0418755150,
                       0.0000000000,  -0.0418755150,   0.9991229800
                  </Orientation>
                  <Axis type="Vector">0, 1, 0</Axis>
                  <Min type="float">-1.7453293</Min>
                  <Max type="float">1.7453293</Max>
               </HpTurret01>
               <HpTurret02>
                  <Position type="Vector">13.470193, -4.6974649, -24.586735</Position>
                  <Orientation type="Matrix">
                       0.7986582500,   0.6011208300,   0.0282616350,
                      -0.6017851800,   0.7977764600,   0.0375073660,
                     -6.0535967e-09,  -0.0469631330,   0.9988952300
                  </Orientation>
                  <Axis type="Vector">0, 1, 0</Axis>
                  <Min type="float">-1.7453293</Min>
                  <Max type="float">0.2617994</Max>
               </HpTurret02>
               <HpTurret03>
                  <Position type="Vector">-13.449763, -4.6877027, -24.682543</Position>
                  <Orientation type="Matrix">
                       0.7986582500,  -0.6011207100,  -0.0282616260,
                       0.6017850600,   0.7977762800,   0.0375074150,
                     -7.2177500e-09,  -0.0469630510,   0.9988953500
                  </Orientation>
                  <Axis type="Vector">0, 1, 0</Axis>
                  <Min type="float">-0.2617994</Min>
                  <Max type="float">1.7453293</Max>
               </HpTurret03>
               <HpTurret04>
                  <Position type="Vector">-13.32032, -7.7510114, -25.124916</Position>
                  <Orientation type="Matrix">
                      -0.9979593800,  -0.0638498590,  271.90935e-06,
                       0.0638504700,  -0.9979498400,   0.0042461157,
                      237.85485e-09,   0.0042548198,   0.9999899900
                  </Orientation>
                  <Axis type="Vector">0, 1, 0</Axis>
                  <Min type="float">-1.7453293</Min>
                  <Max type="float">0.61086524</Max>
               </HpTurret04>
               <HpTurret05>
                  <Position type="Vector">13.16322, -7.7627072, -25.127855</Position>
                  <Orientation type="Matrix">
                      -0.9978175200,   0.0660313370, -277.89653e-06,
                      -0.0660319250,  -0.9978086400,   0.0042029354,
                      237.89823e-09,   0.0042121126,   0.9999911200
                  </Orientation>
                  <Axis type="Vector">0, 1, 0</Axis>
                  <Min type="float">-0.61086524</Min>
                  <Max type="float">1.7453293</Max>
               </HpTurret05>
               <HpTurret06>
                  <Position type="Vector">0, 13.615141, -1.3486109</Position>
                  <Orientation type="Matrix">
                       1.0000000000,   0.0000000000,   0.0000000000,
                       0.0000000000,   0.9989705700,  -0.0453629870,
                       0.0000000000,   0.0453629870,   0.9989705700
                  </Orientation>
                  <Axis type="Vector">0, 1, 0</Axis>
                  <Min type="float">-1.7453291</Min>
                  <Max type="float">1.7453291</Max>
               </HpTurret06>
               <HpTurret07>
                  <Position type="Vector">1.8432002, 13.47078, 5.376</Position>
                  <Orientation type="Matrix">
                       0.0010230371,   0.0732312650,  -0.9973161200,
                       0.0139246420,   0.9972179500,   0.0732379700,
                       0.9999019500,  -0.0139621440,  467.52393e-09
                  </Orientation>
                  <Axis type="Vector">0, 1, 0</Axis>
                  <Min type="float">-0.78539819</Min>
                  <Max type="float">1.7453293</Max>
               </HpTurret07>
               <HpTurret08>
                  <Position type="Vector">-1.8432002, 13.47078, 5.376</Position>
                  <Orientation type="Matrix">
                       0.0010225433,  -0.0732310340,   0.9973148100,
                      -0.0139246820,   0.9972171800,   0.0732380520,
                      -0.9999020100,  -0.0139621770,   0.0000000000
                  </Orientation>
                  <Axis type="Vector">0, 1, 0</Axis>
                  <Min type="float">-1.7453293</Min>
                  <Max type="float">0.78539819</Max>
               </HpTurret08>
               <HpTurret09>
                  <Position type="Vector">0, 9.5508499, 38.4</Position>
                  <Orientation type="Matrix">
                      -1.0000000000, -8.4288105e-09, -150.76016e-09,
                     -5.7176486e-15,   0.9984391900,  -0.0558214600,
                      150.99579e-09,  -0.0558214630,  -0.9984393700
                  </Orientation>
                  <Axis type="Vector">0, 1, 0</Axis>
                  <Min type="float">-1.7453293</Min>
                  <Max type="float">1.7453293</Max>
               </HpTurret09>
               <HpTurret10>
                  <Position type="Vector">0, -11.87335, 26.480589</Position>
                  <Orientation type="Matrix">
                       1.0000000000,   0.0000000000,   0.0000000000,
                       0.0000000000,  -1.0000000000,  150.99580e-09,
                       0.0000000000, -150.99580e-09,  -1.0000000000
                  </Orientation>
                  <Axis type="Vector">0, 1, 0</Axis>
                  <Min type="float">-2.0943952</Min>
                  <Max type="float">2.0943952</Max>
               </HpTurret10>
               <HpTurret11>
                  <Position type="Vector">2.2947805, -8.1223679, 56.524803</Position>
                  <Orientation type="Matrix">
                       1.0000000000,   0.0000000000,   0.0000000000,
                       0.0000000000,  -0.9711307900,  -0.2385477400,
                       0.0000000000,   0.2385477400,  -0.9711307900
                  </Orientation>
                  <Axis type="Vector">0, 1, 0</Axis>
                  <Min type="float">-1.7453293</Min>
                  <Max type="float">1.7453293</Max>
               </HpTurret11>
               <HpTurret12>
                  <Position type="Vector">-2.2947812, -8.1223679, 56.524803</Position>
                  <Orientation type="Matrix">
                       1.0000000000,   0.0000000000,   0.0000000000,
                       0.0000000000,  -0.9711309700,  -0.2385470600,
                       0.0000000000,   0.2385470600,  -0.9711309700
                  </Orientation>
                  <Axis type="Vector">0, 1, 0</Axis>
                  <Min type="float">-1.7453291</Min>
                  <Max type="float">1.7453291</Max>
               </HpTurret12>
               <HpTurret13>
                  <Position type="Vector">0, 9.578496, 46.522373</Position>
                  <Orientation type="Matrix">
                      -1.0000000000, -77.856413e-09,  391.43339e-09,
                     -87.396671e-09,   0.9997015000,  -0.0244319850,
                     -389.41437e-09,  -0.0244319850,  -0.9997015000
                  </Orientation>
                  <Axis type="Vector">0, 1, 0</Axis>
                  <Min type="float">-2.0943952</Min>
                  <Max type="float">2.0943952</Max>
               </HpTurret13>
            </Revolute>
         </Hardpoints>
      </bm_li_frigate231216155127.3db>
   </UTF_ROOT>
</UTFXML>
