<?xml version="1.0" encoding="ISO-8859-1"?>
<!-- XML generated by UTFXML Version 2.2 built 19-Aug-2010 -->
<UTFXML filename="bm_li_vhf.cmp" path="BMOD\SHIPS\MODELS\bm_li_vhf">
   <UTF_ROOT>
      <VMeshLibrary>
         <bm_li_vhf.lod0-112.vms include="bm_li_vhf_cmp\lod0-112.vms.xml"/>
         <bm_li_vhf.lod1-112.vms include="bm_li_vhf_cmp\lod1-112.vms.xml"/>
         <bm_li_vhf.lod2-112.vms include="bm_li_vhf_cmp\lod2-112.vms.xml"/>
      </VMeshLibrary>
      <Exporter_Version name="Exporter Version" type="text">MAXLancer Tools 0.97</Exporter_Version>
      <Cmpnd>
         <Cons>
            <Fix type="Fix" count="6">
               <part>
                  <!-- parent      --> "Root",
                  <!-- child       --> "Li_Engine02_lod1",
                  <!-- position    --> -0.040044338, -1.5868733, 7.2214255,
                  <!-- orientation -->   1.0000000000,  959.82153e-24, -4.0895809e-21,
                                       -959.82133e-24,   1.0000000000,  59.604588e-09,
                                        4.0895809e-21, -59.604588e-09,   1.0000000000
               </part>
               <part>
                  <!-- parent      --> "Root",
                  <!-- child       --> "Li_Engine01_lod1",
                  <!-- position    --> -0.042000711, 0.36799759, 8.154,
                  <!-- orientation -->   1.0000000000,  3.3317373e-21,  7.1054231e-15,
                                       -3.7552538e-21,   1.0000000000,  59.604673e-09,
                                       -7.1054231e-15, -59.604673e-09,   1.0000000000
               </part>
               <part>
                  <!-- parent      --> "Root",
                  <!-- child       --> "Li_glass_lod1",
                  <!-- position    --> -0.040092055, -280.70855e-9, -4.7095079,
                  <!-- orientation -->   1.0000000000,  3.3317373e-21,  7.1054231e-15,
                                       -3.7552538e-21,   1.0000000000,  59.604673e-09,
                                       -7.1054231e-15, -59.604673e-09,   1.0000000000
               </part>
               <part>
                  <!-- parent      --> "Root",
                  <!-- child       --> "Li_port_wing_lod1",
                  <!-- position    --> -1.704, -0.82299972, -396.87339e-9,
                  <!-- orientation -->   0.8530978000,  -0.3838620500,  -0.3533752300,
                                         0.3548651600,   0.9233902700,  -0.1463594400,
                                         0.3824850900, -541.63858e-06,   0.9239615200
               </part>
               <part>
                  <!-- parent      --> "Root",
                  <!-- child       --> "Li_star_wing_lod1",
                  <!-- position    --> 1.6899126, -0.82299954, -411.25776e-9,
                  <!-- orientation -->   0.8535502000,   0.3826851200,   0.3535593200,
                                        -0.3535562800,   0.9238788500,  -0.1464440800,
                                        -0.3826879600, -5.7395341e-06,   0.9238776600
               </part>
               <part>
                  <!-- parent      --> "Root",
                  <!-- child       --> "Li_Spoiler_lod1",
                  <!-- position    --> -0.050420433, 1.8149714, 5.4791417,
                  <!-- orientation -->   1.0000000000,  423.51647e-24, -3.4146016e-21,
                                       -423.51647e-24,   1.0000000000, -1.2705494e-21,
                                        3.4146016e-21,  1.2705494e-21,   1.0000000000
               </part>
            </Fix>
         </Cons>
         <Part_Li_Engine02_lod1>
            <Object_name name="Object name" type="text">Li_Engine02_lod1</Object_name>
            <Index type="int">0</Index>
            <File_name name="File name" type="text">Li_Engine02_lod1231209152149.3db</File_name>
         </Part_Li_Engine02_lod1>
         <Part_Li_Engine01_lod1>
            <Object_name name="Object name" type="text">Li_Engine01_lod1</Object_name>
            <Index type="int">0</Index>
            <File_name name="File name" type="text">Li_Engine01_lod1231209152149.3db</File_name>
         </Part_Li_Engine01_lod1>
         <Part_Li_glass_lod1>
            <Object_name name="Object name" type="text">Li_glass_lod1</Object_name>
            <Index type="int">0</Index>
            <File_name name="File name" type="text">Li_glass_lod1231209152149.3db</File_name>
         </Part_Li_glass_lod1>
         <Part_Li_port_wing_lod1>
            <Object_name name="Object name" type="text">Li_port_wing_lod1</Object_name>
            <Index type="int">0</Index>
            <File_name name="File name" type="text">Li_port_wing_lod1231209152149.3db</File_name>
         </Part_Li_port_wing_lod1>
         <Part_Li_star_wing_lod1>
            <Object_name name="Object name" type="text">Li_star_wing_lod1</Object_name>
            <Index type="int">0</Index>
            <File_name name="File name" type="text">Li_star_wing_lod1231209152149.3db</File_name>
         </Part_Li_star_wing_lod1>
         <Part_Li_Spoiler_lod1>
            <Object_name name="Object name" type="text">Li_Spoiler_lod1</Object_name>
            <Index type="int">0</Index>
            <File_name name="File name" type="text">Li_Spoiler_lod1231209152149.3db</File_name>
         </Part_Li_Spoiler_lod1>
         <Root>
            <Object_name name="Object name" type="text">Root</Object_name>
            <Index type="int">0</Index>
            <File_name name="File name" type="text">bm_li_vhf231209152149.3db</File_name>
         </Root>
      </Cmpnd>
      <bm_li_vhf231209152149.3db>
         <MultiLevel>
            <Switch2 type="float array" count="4">
               0,
               100,
               1000,
               1000000
            </Switch2>
            <Level0>
               <VMeshPart>
                  <VMeshRef type="VMeshRef">
                     <!-- header size  --> 60,
                     <!-- vmesh lib    --> bm_li_vhf.lod0-112.vms,
                     <!-- start vert   --> 0,
                     <!-- num verts    --> 1612,
                     <!-- start index  --> 0,
                     <!-- num indices  --> 2502,
                     <!-- start mesh   --> 0,
                     <!-- num meshes   --> 6,
                     <!-- bounding box -->  2.7781868,    1.7370774,    7.7409835,
                                           -2.8577185,   -1.905158,    -6.3162026,
                     <!-- center       --> -0.069934145, -0.070484042,  0.87997425,
                     <!-- radius       --> 7.2144485
                  </VMeshRef>
               </VMeshPart>
            </Level0>
            <Level1>
               <VMeshPart>
                  <VMeshRef type="VMeshRef">
                     <!-- header size  --> 60,
                     <!-- vmesh lib    --> bm_li_vhf.lod1-112.vms,
                     <!-- start vert   --> 0,
                     <!-- num verts    --> 705,
                     <!-- start index  --> 0,
                     <!-- num indices  --> 1332,
                     <!-- start mesh   --> 0,
                     <!-- num meshes   --> 2,
                     <!-- bounding box -->  2.7781868,    1.7370775,    7.7409835,
                                           -2.8577187,   -1.9051576,   -6.2128401,
                     <!-- center       --> -0.069934145, -0.070484042,  0.87997425,
                     <!-- radius       --> 7.2093234
                  </VMeshRef>
               </VMeshPart>
            </Level1>
            <Level2>
               <VMeshPart>
                  <VMeshRef type="VMeshRef">
                     <!-- header size  --> 60,
                     <!-- vmesh lib    --> bm_li_vhf.lod2-112.vms,
                     <!-- start vert   --> 0,
                     <!-- num verts    --> 215,
                     <!-- start index  --> 0,
                     <!-- num indices  --> 417,
                     <!-- start mesh   --> 0,
                     <!-- num meshes   --> 1,
                     <!-- bounding box -->  2.778187,     1.7612416,    7.7478495,
                                           -2.8532162,   -1.9051565,   -6.0360613,
                     <!-- center       --> -0.069934145, -0.070484042,  0.87997425,
                     <!-- radius       --> 7.2093234
                  </VMeshRef>
               </VMeshPart>
            </Level2>
         </MultiLevel>
         <VMeshWire include="bm_li_vhf_cmp\bm_li_vhf.vwd.xml"/>
         <Hardpoints>
            <Fixed>
               <DpEngine01>
                  <Position type="Vector">-0.041273009, 0.28400785, 7.7391191</Position>
                  <Orientation type="Matrix">
                       1.0000000000,   0.0000000000,  107.79035e-09,
                       0.0000000000,   1.0000000000,   0.0000000000,
                     -107.79035e-09,   0.0000000000,   1.0000000000
                  </Orientation>
               </DpEngine01>
               <DpEngine02>
                  <Position type="Vector">-0.041273136, -1.6259828, 6.1634097</Position>
                  <Orientation type="Matrix">
                       1.0000000000,   0.0000000000,  107.79035e-09,
                       0.0000000000,   1.0000000000,   0.0000000000,
                     -107.79035e-09,   0.0000000000,   1.0000000000
                  </Orientation>
               </DpEngine02>
               <DpPortwing>
                  <Position type="Vector">-2.5672622, -1.3759357, 3.5652304</Position>
                  <Orientation type="Matrix">
                     -162.92068e-09,  -0.3987489300,  -0.9170601400,
                     -74.505806e-09,   0.9170601400,  -0.3987489300,
                       1.0000000000,  3.3618548e-09, -179.11718e-09
                  </Orientation>
               </DpPortwing>
               <DpSpoiler>
                  <Position type="Vector">-0.041272987, 1.891524, 7.3062739</Position>
                  <Orientation type="Matrix">
                       1.0000000000,  40.453477e-15,  151.50178e-09,
                     -151.50178e-09,  313.91647e-09,   1.0000000000,
                     -7.1054274e-15,  -1.0000000000,  313.91647e-09
                  </Orientation>
               </DpSpoiler>
               <DpStarboardwing>
                  <Position type="Vector">2.4881032, -1.3759357, 3.5652304</Position>
                  <Orientation type="Matrix">
                     -282.12997e-09,   0.3987493500,   0.9170599600,
                     -14.901161e-09,   0.9170599600,  -0.3987493500,
                      -1.0000000000, -126.16441e-09, -252.78825e-09
                  </Orientation>
               </DpStarboardwing>
               <HpBayDoor01>
                  <Position type="Vector">-0.075126931, 1.7410384, 1.8628314</Position>
                  <Orientation type="Matrix">
                       1.0000000000,  423.51647e-24,     0x80000180,
                     -423.51647e-24,   1.0000000000, -1.2705494e-21,
                       0.0000000000,  1.2705494e-21,   1.0000000000
                  </Orientation>
               </HpBayDoor01>
               <HpBayDoor02>
                  <Position type="Vector">-0.084837131, 3.3219595, 1.8628316</Position>
                  <Orientation type="Matrix">
                       1.0000000000,  423.51647e-24,     0x80000180,
                     -423.51647e-24,   1.0000000000, -1.2705494e-21,
                       0.0000000000,  1.2705494e-21,   1.0000000000
                  </Orientation>
               </HpBayDoor02>
               <HpCloak01>
                  <Position type="Vector">-113.08119e-9, -389.79513e-9, 1.3079352</Position>
                  <Orientation type="Matrix">
                      -1.0000000000, -150.99580e-09, -24.600339e-15,
                       0.0000000000, -162.92068e-09,   1.0000000000,
                     -150.99580e-09,   1.0000000000,  162.92068e-09
                  </Orientation>
               </HpCloak01>
               <HpCockpit>
                  <Position type="Vector">-0.041951124, 159.70102e-9, -5.5003166</Position>
                  <Orientation type="Matrix">
                       1.0000000000,   0.0000000000,   0.0000000000,
                       0.0000000000,   1.0000000000,   0.0000000000,
                       0.0000000000,   0.0000000000,   1.0000000000
                  </Orientation>
               </HpCockpit>
               <HpCockpitEx>
                  <Position type="Vector">-0.094015583, 6.9999886, 34.499683</Position>
                  <Orientation type="Matrix">
                       1.0000000000,   0.0000000000,   0.0000000000,
                       0.0000000000,   1.0000000000,   0.0000000000,
                       0.0000000000,   0.0000000000,   1.0000000000
                  </Orientation>
               </HpCockpitEx>
               <HpHeadlight>
                  <Position type="Vector">-0.041950829, -0.47496101, -6.5466018</Position>
                  <Orientation type="Matrix">
                       1.0000000000,  1.6993035e-15,  7.1054231e-15,
                     -1.6993035e-15,   1.0000000000,   0.0000000000,
                     -7.1054231e-15, -12.074270e-30,   1.0000000000
                  </Orientation>
               </HpHeadlight>
               <HpMount>
                  <Position type="Vector">-0.041951254, -4.5612884, 1.7121741</Position>
                  <Orientation type="Matrix">
                       1.0000000000,   0.0000000000,   0.0000000000,
                       0.0000000000,   1.0000000000, -59.604645e-09,
                       0.0000000000,  59.604645e-09,   1.0000000000
                  </Orientation>
               </HpMount>
               <HpPilot>
                  <Position type="Vector">-0.041950978, -0.22524309, -4.1553011</Position>
                  <Orientation type="Matrix">
                       1.0000000000,  1.6639101e-15,  7.1054231e-15,
                     -1.6639101e-15,   1.0000000000,   0.0000000000,
                     -7.1054231e-15, -11.822786e-30,   1.0000000000
                  </Orientation>
               </HpPilot>
               <HpRadar01>
                  <Position type="Vector">-0.041951474, 1.2796861, -0.59036773</Position>
                  <Orientation type="Matrix">
                       1.0000000000,  473.65320e-18,   0.0000000000,
                     -473.65320e-18,   1.0000000000,   0.0000000000,
                       0.0000000000,   0.0000000000,   1.0000000000
                  </Orientation>
               </HpRadar01>
               <HpRunningLight01>
                  <Position type="Vector">0.72569108, 1.7506907, -2.0916371</Position>
                  <Orientation type="Matrix">
                       1.0000000000,   0.0000000000,   0.0000000000,
                       0.0000000000,   0.9238795000,  -0.3826835500,
                       0.0000000000,   0.3826835500,   0.9238795000
                  </Orientation>
               </HpRunningLight01>
               <HpRunningLight02>
                  <Position type="Vector">-0.81436521, 1.7506907, -2.0916369</Position>
                  <Orientation type="Matrix">
                       1.0000000000,   0.0000000000,   0.0000000000,
                       0.0000000000,   0.9238795000,  -0.3826835500,
                       0.0000000000,   0.3826835500,   0.9238795000
                  </Orientation>
               </HpRunningLight02>
               <HpTractor_Source>
                  <Position type="Vector">-0.041950829, -0.47496101, -6.5466018</Position>
                  <Orientation type="Matrix">
                       1.0000000000,  1.6993035e-15,  7.1054231e-15,
                     -1.6993035e-15,   1.0000000000,   0.0000000000,
                     -7.1054231e-15, -12.074270e-30,   1.0000000000
                  </Orientation>
               </HpTractor_Source>
               <HpShield01>
                  <Position type="Vector">0.007502, -0.78870702, 2.999043</Position>
                  <Orientation type="Matrix">
                      -1.0000000000,  106.17260e-15, -325.84137e-09,
                       0.0000000000,  -1.0000000000, -325.84137e-09,
                     -325.84137e-09, -325.84137e-09,   1.0000000000
                  </Orientation>
               </HpShield01>
            </Fixed>
            <Revolute>
               <HpTorpedo01>
                  <Position type="Vector">0, -0.78674001, 3</Position>
                  <Orientation type="Matrix">
                      -1.0000000000,  87.422777e-09,   0.0000000000,
                     -87.422777e-09,  -1.0000000000,   0.0000000000,
                       0.0000000000,   0.0000000000,   1.0000000000
                  </Orientation>
                  <Axis type="Vector">0, 1, 0</Axis>
                  <Min type="float">-0.78539819</Min>
                  <Max type="float">0.78539819</Max>
               </HpTorpedo01>
               <HpWeapon02>
                  <Position type="Vector">-0.11197, -1.10616, -4.0311098</Position>
                  <Orientation type="Matrix">
                      -1.0000000000, -1.1046701e-06,   0.0000000000,
                      1.1046701e-06,  -1.0000000000,   0.0000000000,
                       0.0000000000,   0.0000000000,   1.0000000000
                  </Orientation>
                  <Axis type="Vector">0, 1, 0</Axis>
                  <Min type="float">-0.78539819</Min>
                  <Max type="float">0.78539819</Max>
               </HpWeapon02>
               <HpWeapon01>
                  <Position type="Vector">0.11197, -1.10616, -4.0311098</Position>
                  <Orientation type="Matrix">
                      -1.0000000000, -1.1046701e-06,   0.0000000000,
                      1.1046701e-06,  -1.0000000000,   0.0000000000,
                       0.0000000000,   0.0000000000,   1.0000000000
                  </Orientation>
                  <Axis type="Vector">0, 1, 0</Axis>
                  <Min type="float">-0.78539819</Min>
                  <Max type="float">0.78539819</Max>
               </HpWeapon01>
               <HpWeapon07>
                  <Position type="Vector">1.33, -1.2867399, 3</Position>
                  <Orientation type="Matrix">
                      -0.8902148600,  -0.4555408700,   0.0000000000,
                       0.4555408700,  -0.8902148600,   0.0000000000,
                       0.0000000000,   0.0000000000,   1.0000000000
                  </Orientation>
                  <Axis type="Vector">0, 0, 1</Axis>
                  <Min type="float">-0.78539819</Min>
                  <Max type="float">0.78539819</Max>
               </HpWeapon07>
               <HpWeapon08>
                  <Position type="Vector">-1.33, -1.31674, 3</Position>
                  <Orientation type="Matrix">
                      -0.8902145600,   0.4555417900,   0.0000000000,
                      -0.4555417900,  -0.8902145600,   0.0000000000,
                       0.0000000000,   0.0000000000,   1.0000000000
                  </Orientation>
                  <Axis type="Vector">0, 0, 1</Axis>
                  <Min type="float">-0.78539819</Min>
                  <Max type="float">0.78539819</Max>
               </HpWeapon08>
               <HpWeapon09>
                  <Position type="Vector">0.69196999, -0.43384001, -3.36111</Position>
                  <Orientation type="Matrix">
                      -0.4241961500,   0.9055703300,   0.0000000000,
                      -0.9055703300,  -0.4241961500,   0.0000000000,
                       0.0000000000,   0.0000000000,   1.0000000000
                  </Orientation>
                  <Axis type="Vector">0, 0, 1</Axis>
                  <Min type="float">-0.78539819</Min>
                  <Max type="float">0.78539819</Max>
               </HpWeapon09>
               <HpWeapon10>
                  <Position type="Vector">0.77196997, -0.23384, -3.36111</Position>
                  <Orientation type="Matrix">
                      -0.4226183300,   0.9063077600,   0.0000000000,
                      -0.9063077600,  -0.4226183300,   0.0000000000,
                       0.0000000000,   0.0000000000,   1.0000000000
                  </Orientation>
                  <Axis type="Vector">0, 0, 1</Axis>
                  <Min type="float">-0.78539819</Min>
                  <Max type="float">0.78539819</Max>
               </HpWeapon10>
            </Revolute>
         </Hardpoints>
      </bm_li_vhf231209152149.3db>
      <Li_Engine02_lod1231209152149.3db>
         <MultiLevel>
            <Switch2 type="float array" count="4">
               0,
               100,
               1000,
               1000000
            </Switch2>
            <Level0>
               <VMeshPart>
                  <VMeshRef type="VMeshRef">
                     <!-- header size  --> 60,
                     <!-- vmesh lib    --> bm_li_vhf.lod0-112.vms,
                     <!-- start vert   --> 1612,
                     <!-- num verts    --> 112,
                     <!-- start index  --> 2502,
                     <!-- num indices  --> 180,
                     <!-- start mesh   --> 6,
                     <!-- num meshes   --> 2,
                     <!-- bounding box -->  0.77788877,   0.78040868,  0.28084707,
                                           -0.77777338,  -0.78040767, -2.0906549,
                     <!-- center       -->  0.029474894,  0.06055367, -0.93442535,
                     <!-- radius       --> 1.4303571
                  </VMeshRef>
               </VMeshPart>
            </Level0>
            <Level1>
               <VMeshPart>
                  <VMeshRef type="VMeshRef">
                     <!-- header size  --> 60,
                     <!-- vmesh lib    --> bm_li_vhf.lod1-112.vms,
                     <!-- start vert   --> 705,
                     <!-- num verts    --> 88,
                     <!-- start index  --> 1332,
                     <!-- num indices  --> 126,
                     <!-- start mesh   --> 2,
                     <!-- num meshes   --> 2,
                     <!-- bounding box -->  0.77783012,   0.7804088,   0.28038025,
                                           -0.77783096,  -0.78040767, -2.0911222,
                     <!-- center       -->  0.029474894,  0.06055367, -0.93442535,
                     <!-- radius       --> 1.4299762
                  </VMeshRef>
               </VMeshPart>
            </Level1>
            <Level2>
               <VMeshPart>
                  <VMeshRef type="VMeshRef">
                     <!-- header size  --> 60,
                     <!-- vmesh lib    --> bm_li_vhf.lod2-112.vms,
                     <!-- start vert   --> 215,
                     <!-- num verts    --> 64,
                     <!-- start index  --> 417,
                     <!-- num indices  --> 90,
                     <!-- start mesh   --> 1,
                     <!-- num meshes   --> 2,
                     <!-- bounding box -->  0.77783024,   0.7804088,   0.28038025,
                                           -0.77783108,  -0.78040767, -2.0911222,
                     <!-- center       -->  0.029474894,  0.06055367, -0.93442535,
                     <!-- radius       --> 1.4299762
                  </VMeshRef>
               </VMeshPart>
            </Level2>
         </MultiLevel>
         <VMeshWire include="bm_li_vhf_cmp\Li_Engine02_lod1.vwd.xml"/>
         <Hardpoints>
            <Fixed>
               <HpEngine02>
                  <Position type="Vector">-462.33088e-6, -0.039226294, 0.0027360916</Position>
                  <Orientation type="Matrix">
                       1.0000000000,  473.65913e-18, -57.209755e-30,
                     -473.65913e-18,   1.0000000000,   0.0000000000,
                      72.575203e-30,   0.0000000000,   1.0000000000
                  </Orientation>
               </HpEngine02>
               <HpThruster01>
                  <Position type="Vector">-0.0012287199, -0.77828622, -0.4792738</Position>
                  <Orientation type="Matrix">
                      -1.0000000000, -49.200678e-15,  150.99580e-09,
                     -847.03295e-24,  -1.0000000000, -325.84137e-09,
                      150.99580e-09, -325.84137e-09,   1.0000000000
                  </Orientation>
               </HpThruster01>
            </Fixed>
         </Hardpoints>
      </Li_Engine02_lod1231209152149.3db>
      <Li_Engine01_lod1231209152149.3db>
         <MultiLevel>
            <Switch2 type="float array" count="4">
               0,
               100,
               1000,
               1000000
            </Switch2>
            <Level0>
               <VMeshPart>
                  <VMeshRef type="VMeshRef">
                     <!-- header size  --> 60,
                     <!-- vmesh lib    --> bm_li_vhf.lod0-112.vms,
                     <!-- start vert   --> 1724,
                     <!-- num verts    --> 78,
                     <!-- start index  --> 2682,
                     <!-- num indices  --> 120,
                     <!-- start mesh   --> 8,
                     <!-- num meshes   --> 2,
                     <!-- bounding box -->  1.1781178,    1.163223,     0.41732216,
                                           -1.1589744,   -1.1623936,   -0.41821337,
                     <!-- center       --> -0.044615813,  0.090193748, -0.017017365,
                     <!-- radius       --> 1.3811926
                  </VMeshRef>
               </VMeshPart>
            </Level0>
            <Level1>
               <VMeshPart>
                  <VMeshRef type="VMeshRef">
                     <!-- header size  --> 60,
                     <!-- vmesh lib    --> bm_li_vhf.lod1-112.vms,
                     <!-- start vert   --> 793,
                     <!-- num verts    --> 78,
                     <!-- start index  --> 1458,
                     <!-- num indices  --> 120,
                     <!-- start mesh   --> 4,
                     <!-- num meshes   --> 2,
                     <!-- bounding box -->  1.1780684,    1.163223,     0.41732311,
                                           -1.159024,    -1.1623933,   -0.41821241,
                     <!-- center       --> -0.044615813,  0.090193748, -0.017017365,
                     <!-- radius       --> 1.3811483
                  </VMeshRef>
               </VMeshPart>
            </Level1>
            <Level2>
               <VMeshPart>
                  <VMeshRef type="VMeshRef">
                     <!-- header size  --> 60,
                     <!-- vmesh lib    --> bm_li_vhf.lod2-112.vms,
                     <!-- start vert   --> 279,
                     <!-- num verts    --> 23,
                     <!-- start index  --> 507,
                     <!-- num indices  --> 54,
                     <!-- start mesh   --> 3,
                     <!-- num meshes   --> 1,
                     <!-- bounding box -->  1.1217458,    1.379113,     0.38399601,
                                           -1.1757448,   -1.161345,    -0.5556345,
                     <!-- center       --> -0.044615813,  0.090193748, -0.017017365,
                     <!-- radius       --> 1.5136641
                  </VMeshRef>
               </VMeshPart>
            </Level2>
         </MultiLevel>
         <VMeshWire include="bm_li_vhf_cmp\Li_Engine01_lod1.vwd.xml"/>
         <Hardpoints>
            <Fixed>
               <HpEngine01>
                  <Position type="Vector">-412.75471e-6, -0.053051531, -0.004732132</Position>
                  <Orientation type="Matrix">
                       1.0000000000,  1.3026986e-15, -223.83057e-30,
                     -1.3026986e-15,   1.0000000000, -28.421709e-15,
                     -77.647143e-24,  28.421709e-15,   1.0000000000
                  </Orientation>
               </HpEngine01>
               <HpEngineGlow>
                  <Position type="Vector">-412.75471e-6, -1.1784873, 3.0241947</Position>
                  <Orientation type="Matrix">
                       1.0000000000,  1.3026986e-15, -223.83057e-30,
                     -1.3026986e-15,   1.0000000000, -28.421709e-15,
                     -77.647143e-24,  28.421709e-15,   1.0000000000
                  </Orientation>
               </HpEngineGlow>
            </Fixed>
         </Hardpoints>
      </Li_Engine01_lod1231209152149.3db>
      <Li_glass_lod1231209152149.3db>
         <MultiLevel>
            <Switch2 type="float array" count="4">
               0,
               100,
               1000,
               1000000
            </Switch2>
            <Level0>
               <VMeshPart>
                  <VMeshRef type="VMeshRef">
                     <!-- header size  --> 60,
                     <!-- vmesh lib    --> bm_li_vhf.lod0-112.vms,
                     <!-- start vert   --> 1802,
                     <!-- num verts    --> 164,
                     <!-- start index  --> 2802,
                     <!-- num indices  --> 315,
                     <!-- start mesh   --> 10,
                     <!-- num meshes   --> 1,
                     <!-- bounding box -->  0.98227942,   0.99065489,  1.5350828,
                                           -0.98530167,  -0.73204947, -1.7677617,
                     <!-- center       -->  0.055952925,  0.20163506,  0.017936707,
                     <!-- radius       --> 1.8876395
                  </VMeshRef>
               </VMeshPart>
            </Level0>
            <Level1>
               <VMeshPart>
                  <VMeshRef type="VMeshRef">
                     <!-- header size  --> 60,
                     <!-- vmesh lib    --> bm_li_vhf.lod1-112.vms,
                     <!-- start vert   --> 871,
                     <!-- num verts    --> 67,
                     <!-- start index  --> 1578,
                     <!-- num indices  --> 165,
                     <!-- start mesh   --> 6,
                     <!-- num meshes   --> 1,
                     <!-- bounding box -->  0.98227942,   0.990655,    1.5350845,
                                           -0.98530167,  -0.73204935, -1.7677603,
                     <!-- center       -->  0.055952925,  0.20163506,  0.017936707,
                     <!-- radius       --> 1.8876407
                  </VMeshRef>
               </VMeshPart>
            </Level1>
            <Level2>
               <VMeshPart>
                  <VMeshRef type="VMeshRef">
                     <!-- header size  --> 60,
                     <!-- vmesh lib    --> bm_li_vhf.lod2-112.vms,
                     <!-- start vert   --> 302,
                     <!-- num verts    --> 21,
                     <!-- start index  --> 561,
                     <!-- num indices  --> 75,
                     <!-- start mesh   --> 4,
                     <!-- num meshes   --> 1,
                     <!-- bounding box -->  0.95372468,   0.92454863,  1.5350838,
                                           -0.95953977,  -0.73089439, -1.7304611,
                     <!-- center       -->  0.055952925,  0.20163506,  0.017936707,
                     <!-- radius       --> 1.88764
                  </VMeshRef>
               </VMeshPart>
            </Level2>
         </MultiLevel>
         <VMeshWire include="bm_li_vhf_cmp\Li_glass_lod1.vwd.xml"/>
      </Li_glass_lod1231209152149.3db>
      <Li_port_wing_lod1231209152149.3db>
         <MultiLevel>
            <Switch2 type="float array" count="4">
               0,
               100,
               1000,
               1000000
            </Switch2>
            <Level0>
               <VMeshPart>
                  <VMeshRef type="VMeshRef">
                     <!-- header size  --> 60,
                     <!-- vmesh lib    --> bm_li_vhf.lod0-112.vms,
                     <!-- start vert   --> 1966,
                     <!-- num verts    --> 118,
                     <!-- start index  --> 3117,
                     <!-- num indices  --> 192,
                     <!-- start mesh   --> 11,
                     <!-- num meshes   --> 2,
                     <!-- bounding box -->  1.6311698,  0.4815765,    6.4246688,
                                           -5.432106,  -0.52644461,  -0.16097271,
                     <!-- center       --> -1.5164595, -0.093830287,  3.3779478,
                     <!-- radius       --> 4.3605022
                  </VMeshRef>
               </VMeshPart>
            </Level0>
            <Level1>
               <VMeshPart>
                  <VMeshRef type="VMeshRef">
                     <!-- header size  --> 60,
                     <!-- vmesh lib    --> bm_li_vhf.lod1-112.vms,
                     <!-- start vert   --> 938,
                     <!-- num verts    --> 75,
                     <!-- start index  --> 1743,
                     <!-- num indices  --> 126,
                     <!-- start mesh   --> 7,
                     <!-- num meshes   --> 3,
                     <!-- bounding box -->  2.9211512,  0.29758483,   6.4324546,
                                           -5.4319849, -0.52644533,  -0.17728198,
                     <!-- center       --> -1.5164595, -0.093830287,  3.3779478,
                     <!-- radius       --> 5.3724227
                  </VMeshRef>
               </VMeshPart>
            </Level1>
            <Level2>
               <VMeshPart>
                  <VMeshRef type="VMeshRef">
                     <!-- header size  --> 60,
                     <!-- vmesh lib    --> bm_li_vhf.lod2-112.vms,
                     <!-- start vert   --> 323,
                     <!-- num verts    --> 17,
                     <!-- start index  --> 636,
                     <!-- num indices  --> 33,
                     <!-- start mesh   --> 5,
                     <!-- num meshes   --> 1,
                     <!-- bounding box -->  2.9219065,  0.10958987,  6.3989134,
                                           -5.3599052, -0.36200458,  0.073532224,
                     <!-- center       --> -1.5164595, -0.093830287, 3.3779478,
                     <!-- radius       --> 5.3727746
                  </VMeshRef>
               </VMeshPart>
            </Level2>
         </MultiLevel>
         <VMeshWire include="bm_li_vhf_cmp\Li_port_wing_lod1.vwd.xml"/>
         <Hardpoints>
            <Fixed>
               <HpContrail02>
                  <Position type="Vector">-4.488924, -0.3329255, 4.2902131</Position>
                  <Orientation type="Matrix">
                       0.8530978600,   0.3548652500,   0.3824846700,
                      -0.3838619900,   0.9233902100, -541.86699e-06,
                      -0.3533748700,  -0.1463590600,   0.9239615800
                  </Orientation>
               </HpContrail02>
               <HpDocklight02>
                  <Position type="Vector">-5.6058483, -0.33134288, 1.5920781</Position>
                  <Orientation type="Matrix">
                      -0.2285351800,   0.3548652800,   0.9065551200,
                      -0.0661233510,   0.9233902100,  -0.3781244500,
                      -0.9712873100,  -0.1463592100,  -0.1875622900
                  </Orientation>
               </HpDocklight02>
            </Fixed>
            <Revolute>
               <HpWeapon05>
                  <Position type="Vector">-2.5621898, -0.44683081, 2.7245297</Position>
                  <Orientation type="Matrix">
                      -0.9391200500,   0.0327964720,   0.3420200000,
                      -0.0349011420,  -0.9993905400,  474.04319e-09,
                       0.3418116300,  -0.0119364110,   0.9396925600
                  </Orientation>
                  <Axis type="Vector">0, 1, 0</Axis>
                  <Min type="float">-0.78539819</Min>
                  <Max type="float">0.76794481</Max>
               </HpWeapon05>
               <HpWeapon03>
                  <Position type="Vector">-0.81580997, -0.39682668, 3.1045299</Position>
                  <Orientation type="Matrix">
                      -0.9396925000,  1.3113022e-06,   0.3420200300,
                     -1.4305115e-06,  -0.9999997600, -467.52393e-09,
                       0.3420199800, -968.57548e-09,   0.9396926800
                  </Orientation>
                  <Axis type="Vector">0, 1, 0</Axis>
                  <Min type="float">-0.78539819</Min>
                  <Max type="float">0.78539819</Max>
               </HpWeapon03>
            </Revolute>
         </Hardpoints>
      </Li_port_wing_lod1231209152149.3db>
      <Li_star_wing_lod1231209152149.3db>
         <MultiLevel>
            <Switch2 type="float array" count="4">
               0,
               100,
               1000,
               1000000
            </Switch2>
            <Level0>
               <VMeshPart>
                  <VMeshRef type="VMeshRef">
                     <!-- header size  --> 60,
                     <!-- vmesh lib    --> bm_li_vhf.lod0-112.vms,
                     <!-- start vert   --> 2084,
                     <!-- num verts    --> 118,
                     <!-- start index  --> 3309,
                     <!-- num indices  --> 192,
                     <!-- start mesh   --> 13,
                     <!-- num meshes   --> 2,
                     <!-- bounding box -->  5.4311342,  0.46290791,  6.4152904,
                                           -1.632473,  -0.52925491, -0.16097456,
                     <!-- center       -->  1.5928314, -0.10374153,  3.4912579,
                     <!-- radius       --> 4.3413339
                  </VMeshRef>
               </VMeshPart>
            </Level0>
            <Level1>
               <VMeshPart>
                  <VMeshRef type="VMeshRef">
                     <!-- header size  --> 60,
                     <!-- vmesh lib    --> bm_li_vhf.lod1-112.vms,
                     <!-- start vert   --> 1013,
                     <!-- num verts    --> 75,
                     <!-- start index  --> 1869,
                     <!-- num indices  --> 126,
                     <!-- start mesh   --> 10,
                     <!-- num meshes   --> 3,
                     <!-- bounding box -->  5.4310112,  0.29573846,  6.4318309,
                                           -2.9223981, -0.52926159, -0.177293,
                     <!-- center       -->  1.5928314, -0.10374153,  3.4912579,
                     <!-- radius       --> 5.3747497
                  </VMeshRef>
               </VMeshPart>
            </Level1>
            <Level2>
               <VMeshPart>
                  <VMeshRef type="VMeshRef">
                     <!-- header size  --> 60,
                     <!-- vmesh lib    --> bm_li_vhf.lod2-112.vms,
                     <!-- start vert   --> 340,
                     <!-- num verts    --> 17,
                     <!-- start index  --> 669,
                     <!-- num indices  --> 33,
                     <!-- start mesh   --> 6,
                     <!-- num meshes   --> 1,
                     <!-- bounding box -->  5.3513756,  0.097897172,  6.403595,
                                           -2.9705698, -0.38173071,  -0.10522866,
                     <!-- center       -->  1.5928314, -0.10374153,   3.4912579,
                     <!-- radius       --> 5.4172869
                  </VMeshRef>
               </VMeshPart>
            </Level2>
         </MultiLevel>
         <VMeshWire include="bm_li_vhf_cmp\Li_star_wing_lod1.vwd.xml"/>
         <Hardpoints>
            <Fixed>
               <HpContrail01>
                  <Position type="Vector">4.4872303, -0.33922601, 4.2910843</Position>
                  <Orientation type="Matrix">
                       0.8535502600,  -0.3535561600,  -0.3826877800,
                       0.3826849500,   0.9238789700, -6.1108108e-06,
                       0.3535594000,  -0.1464436200,   0.9238776600
                  </Orientation>
               </HpContrail01>
               <HpDocklight01>
