<?xml version="1.0" encoding="ISO-8859-1"?>
<!-- XML generated by UTFXML Version 2.2 built 19-Aug-2010 -->
<UTFXML filename="bm_li_hf_elite.cmp" path="BMOD\SHIPS\MODELS\bm_li_hf_elite">
   <UTF_ROOT>
      <VMeshLibrary>
         <bm_li_hf_elite.lod0-112.vms include="bm_li_hf_elite_cmp\lod0-112.vms.xml"/>
      </VMeshLibrary>
      <Exporter_Version name="Exporter Version" type="text">MAXLancer Tools 0.97</Exporter_Version>
      <Cmpnd>
         <Cons>
            <Fix type="Fix" count="1">
               <part>
                  <!-- parent      --> "Root",
                  <!-- child       --> "Phantom_Glass",
                  <!-- position    --> -0.6528542, 0, -11.639737,
                  <!-- orientation -->   1.0000000000,   0.0000000000,   0.0000000000,
                                         0.0000000000,   1.0000000000,   0.0000000000,
                                         0.0000000000,   0.0000000000,   1.0000000000
               </part>
            </Fix>
         </Cons>
         <Part_Phantom_Glass>
            <Object_name name="Object name" type="text">Phantom_Glass</Object_name>
            <Index type="int">0</Index>
            <File_name name="File name" type="text">Phantom_Glass231209151941.3db</File_name>
         </Part_Phantom_Glass>
         <Root>
            <Object_name name="Object name" type="text">Root</Object_name>
            <Index type="int">0</Index>
            <File_name name="File name" type="text">bm_li_hf_elite231209151941.3db</File_name>
         </Root>
      </Cmpnd>
      <bm_li_hf_elite231209151941.3db>
         <VMeshPart>
            <VMeshRef type="VMeshRef">
               <!-- header size  --> 60,
               <!-- vmesh lib    --> bm_li_hf_elite.lod0-112.vms,
               <!-- start vert   --> 0,
               <!-- num verts    --> 2914,
               <!-- start index  --> 0,
               <!-- num indices  --> 3351,
               <!-- start mesh   --> 0,
               <!-- num meshes   --> 5,
               <!-- bounding box -->  11.335078,      3.3074861,  11.365318,
                                     -11.326726,     -4.8185635, -13.184451,
               <!-- center       -->   0.0041761398, -0.7555387,  -1.0254226,
               <!-- radius       --> 13.040562
            </VMeshRef>
         </VMeshPart>
         <VMeshWire include="bm_li_hf_elite_cmp\bm_li_hf_elite.vwd.xml"/>
         <Hardpoints>
            <Fixed>
               <DpEngine01>
                  <Orientation type="Matrix">
                       1.0000000000,   0.0000000000,  107.79035e-09,
                       0.0000000000,   1.0000000000,   0.0000000000,
                     -107.79035e-09,   0.0000000000,   1.0000000000
                  </Orientation>
                  <Position type="Vector">726.99558e-6, 0.28400785, 8.5265636</Position>
               </DpEngine01>
               <DpEngine02>
                  <Orientation type="Matrix">
                       1.0000000000,   0.0000000000,  107.79035e-09,
                       0.0000000000,   1.0000000000,   0.0000000000,
                     -107.79035e-09,   0.0000000000,   1.0000000000
                  </Orientation>
                  <Position type="Vector">726.86881e-6, -2.127172, 7.7936859</Position>
               </DpEngine02>
               <DpPortwing>
                  <Orientation type="Matrix">
                     -162.92068e-09,  -0.3987489300,  -0.9170601400,
                     -74.505806e-09,   0.9170601400,  -0.3987489300,
                       1.0000000000,  3.3618548e-09, -179.11718e-09
                  </Orientation>
                  <Position type="Vector">-5.2552214, -1.3759357, 3.5655456</Position>
               </DpPortwing>
               <DpSpoiler>
                  <Orientation type="Matrix">
                       1.0000000000,  40.453477e-15,  151.50178e-09,
                     -151.50178e-09,  313.91647e-09,   1.0000000000,
                     -7.1054274e-15,  -1.0000000000,  313.91647e-09
                  </Orientation>
                  <Position type="Vector">727.01479e-6, 1.891524, 7.3065891</Position>
               </DpSpoiler>
               <DpStarboardwing>
                  <Orientation type="Matrix">
                     -282.12997e-09,   0.3987493500,   0.9170599600,
                     -14.901161e-09,   0.9170599600,  -0.3987493500,
                      -1.0000000000, -126.16441e-09, -252.78825e-09
                  </Orientation>
                  <Position type="Vector">2.530103, -1.3759357, 3.5655456</Position>
               </DpStarboardwing>
               <HpCockpit>
                  <Orientation type="Matrix">
                       1.0000000000,   0.0000000000,   0.0000000000,
                       0.0000000000,   1.0000000000,   0.0000000000,
                       0.0000000000,   0.0000000000,   1.0000000000
                  </Orientation>
                  <Position type="Vector">48.879825e-6, 159.60697e-9, -5.5000014</Position>
               </HpCockpit>
               <HpCockpitEx>
                  <Orientation type="Matrix">
                       1.0000000000,   0.0000000000,   0.0000000000,
                       0.0000000000,   1.0000000000,   0.0000000000,
                       0.0000000000,   0.0000000000,   1.0000000000
                  </Orientation>
                  <Position type="Vector">47.130074e-6, 6.9999886, 34.5</Position>
               </HpCockpitEx>
               <HpHeadlight>
                  <Orientation type="Matrix">
                       1.0000000000,  1.6993035e-15,  7.1054231e-15,
                     -1.6993035e-15,   1.0000000000,   0.0000000000,
                     -7.1054231e-15, -12.074270e-30,   1.0000000000
                  </Orientation>
                  <Position type="Vector">49.168735e-6, -1.9047236, -13.28528</Position>
               </HpHeadlight>
               <HpMount>
                  <Orientation type="Matrix">
                       1.0000000000,   0.0000000000,  59.604641e-09,
                       0.0000000000,   1.0000000000,   0.0000000000,
                     -59.604641e-09,   0.0000000000,   1.0000000000
                  </Orientation>
                  <Position type="Vector">48.744751e-6, -5.892066, 2.4077177</Position>
               </HpMount>
               <HpPilot>
                  <Orientation type="Matrix">
                       1.0000000000,  1.6639101e-15,  7.1054231e-15,
                     -1.6639101e-15,   1.0000000000,   0.0000000000,
                     -7.1054231e-15, -11.822786e-30,   1.0000000000
                  </Orientation>
                  <Position type="Vector">49.019283e-6, -1.7138849, -9.6980734</Position>
               </HpPilot>
               <HpRadar01>
                  <Orientation type="Matrix">
                       1.0000000000,  473.65320e-18,   0.0000000000,
                     -473.65320e-18,   1.0000000000,   0.0000000000,
                       0.0000000000,   0.0000000000,   1.0000000000
                  </Orientation>
                  <Position type="Vector">48.528815e-6, 2.1826644, 0.72380054</Position>
               </HpRadar01>
               <HpRunningLight01>
                  <Orientation type="Matrix">
                       1.0000000000,   0.0000000000,   0.0000000000,
                       0.0000000000,   0.9238794400,  -0.3826836600,
                       0.0000000000,   0.3826836600,   0.9238794400
                  </Orientation>
                  <Position type="Vector">0.87604856, 2.1836367, -2.0913219</Position>
               </HpRunningLight01>
               <HpRunningLight02>
                  <Orientation type="Matrix">
                       1.0000000000,   0.0000000000,   0.0000000000,
                       0.0000000000,   0.9238794400,  -0.3826836600,
                       0.0000000000,   0.3826836600,   0.9238794400
                  </Orientation>
                  <Position type="Vector">-0.876, 2.184, -2.0913217</Position>
               </HpRunningLight02>
               <HpShield01>
                  <Orientation type="Matrix">
                       1.0000000000,  1.3026986e-15,   0.0000000000,
                     -1.3026986e-15,   1.0000000000,   0.0000000000,
                       0.0000000000,   0.0000000000,   1.0000000000
                  </Orientation>
                  <Position type="Vector">0.0050644758, 0.66022491, -8.9403486</Position>
               </HpShield01>
               <HpTractor_Source>
                  <Orientation type="Matrix">
                       1.0000000000,  1.6993035e-15,  7.1054231e-15,
                     -1.6993035e-15,   1.0000000000,   0.0000000000,
                     -7.1054231e-15, -12.074270e-30,   1.0000000000
                  </Orientation>
                  <Position type="Vector">49.168735e-6, -0.47496101, -6.5462866</Position>
               </HpTractor_Source>
               <HpEngine01>
                  <Orientation type="Matrix">
                       1.0000000000,  1.3026986e-15, -37.024923e-30,
                     -1.3026986e-15,   1.0000000000, -28.421713e-15,
                       0.0000000000,  28.421713e-15,   1.0000000000
                  </Orientation>
                  <Position type="Vector">0.001, 0.284, 8.527</Position>
               </HpEngine01>
               <HpEngineGlow>
                  <Orientation type="Matrix">
                       1.0000000000,  1.3026986e-15, -37.024923e-30,
                     -1.3026986e-15,   1.0000000000, -28.421713e-15,
                       0.0000000000,  28.421713e-15,   1.0000000000
                  </Orientation>
                  <Position type="Vector">-412.75591e-6, -0.19362938, 8.6650925</Position>
               </HpEngineGlow>
               <HpEngine02>
                  <Orientation type="Matrix">
                       1.0000000000,  473.65913e-18,   0.0000000000,
                     -473.65913e-18,   1.0000000000,   0.0000000000,
                       0.0000000000,   0.0000000000,   1.0000000000
                  </Orientation>
                  <Position type="Vector">0.001, -2.127, 7.794</Position>
               </HpEngine02>
               <HpThruster01>
                  <Orientation type="Matrix">
                      -1.0000000000, -58.799936e-15,  150.99580e-09,
                       0.0000000000,  -1.0000000000, -389.41437e-09,
                      150.99580e-09, -389.41437e-09,   1.0000000000
                  </Orientation>
                  <Position type="Vector">-0.0012287208, -3.2088394, 5.8727179</Position>
               </HpThruster01>
               <HpContrail02>
                  <Orientation type="Matrix">
                       0.8530974400,   0.3548655200,   0.3824849700,
                      -0.3838620200,   0.9233899700, -541.95523e-06,
                      -0.3533750200,  -0.1463592800,   0.9239612200
                  </Orientation>
                  <Position type="Vector">-11.263369, -3.6761532, 4.1438546</Position>
               </HpContrail02>
               <HpDocklight02>
                  <Orientation type="Matrix">
                      -0.2285346700,   0.3548654000,   0.9065562500,
                      -0.0661233660,   0.9233903300,  -0.3781245100,
                      -0.9712868900,  -0.1463591600,  -0.1875619400
                  </Orientation>
                  <Position type="Vector">-11.355907, -3.5804105, 3.2411852</Position>
               </HpDocklight02>
               <HpCM01>
                  <Orientation type="Matrix">
                       0.9976291700,  -0.0688189640,   0.0000000000,
                       0.0688189640,   0.9976291700,   0.0000000000,
                       0.0000000000,   0.0000000000,   1.0000000000
                  </Orientation>
                  <Position type="Vector">2.324461, 2.0936041, 5.7592821</Position>
               </HpCM01>
               <HpMine01>
                  <Orientation type="Matrix">
                       0.9976293400,   0.0688162300,   0.0000000000,
                      -0.0688162300,   0.9976293400,   0.0000000000,
                       0.0000000000,   0.0000000000,   1.0000000000
                  </Orientation>
                  <Position type="Vector">-2.324, 2.094, 5.759</Position>
               </HpMine01>
               <HpRunningLight03>
                  <Orientation type="Matrix">
                       1.0000000000,  25.026208e-15,   0.0000000000,
                     -25.026208e-15,   1.0000000000,   0.0000000000,
                       0.0000000000,   0.0000000000,   1.0000000000
                  </Orientation>
                  <Position type="Vector">-6.6836319, 2.1520548, 5.0365782</Position>
               </HpRunningLight03>
               <HpRunningLight04>
                  <Orientation type="Matrix">
                       1.0000000000,  25.026208e-15,   0.0000000000,
                     -25.026208e-15,   1.0000000000,   0.0000000000,
                       0.0000000000,   0.0000000000,   1.0000000000
                  </Orientation>
                  <Position type="Vector">6.684, 2.152, 5.037</Position>
               </HpRunningLight04>
               <HpContrail01>
                  <Orientation type="Matrix">
                       0.8535502000,  -0.3535571700,  -0.3826879000,
                       0.3826851000,   0.9238789100, -6.0945749e-06,
                       0.3535592300,  -0.1464435200,   0.9238776000
                  </Orientation>
                  <Position type="Vector">11.263, -3.676, 4.144</Position>
               </HpContrail01>
               <HpDocklight01>
                  <Orientation type="Matrix">
                      -0.2286561600,  -0.3535553800,  -0.9070351100,
                       0.0664463560,   0.9238787300,  -0.3768726600,
                       0.9712370000,  -0.1464434600,  -0.1877582700
                  </Orientation>
                  <Position type="Vector">11.356, -3.58, 3.241</Position>
               </HpDocklight01>
               <DpEngine03>
                  <Orientation type="Matrix">
                       1.0000000000,   0.0000000000,  107.79035e-09,
                       0.0000000000,   1.0000000000,   0.0000000000,
                     -107.79035e-09,   0.0000000000,   1.0000000000
                  </Orientation>
                  <Position type="Vector">2.2433858, 1.0403782, 7.4686546</Position>
               </DpEngine03>
               <DpEngine04>
                  <Orientation type="Matrix">
                       1.0000000000,   0.0000000000,  107.79035e-09,
                       0.0000000000,   1.0000000000,   0.0000000000,
                     -107.79035e-09,   0.0000000000,   1.0000000000
                  </Orientation>
                  <Position type="Vector">-2.243, 1.0403782, 7.4686546</Position>
               </DpEngine04>
               <HpEngine03>
                  <Orientation type="Matrix">
                       1.0000000000,   0.0000000000,  107.79035e-09,
                       0.0000000000,   1.0000000000,   0.0000000000,
                     -107.79035e-09,   0.0000000000,   1.0000000000
                  </Orientation>
                  <Position type="Vector">2.2433858, 1.0403782, 7.4686546</Position>
               </HpEngine03>
               <HpEngine04>
                  <Orientation type="Matrix">
                       1.0000000000,   0.0000000000,  107.79035e-09,
                       0.0000000000,   1.0000000000,   0.0000000000,
                     -107.79035e-09,   0.0000000000,   1.0000000000
                  </Orientation>
                  <Position type="Vector">-2.243, 1.0403782, 7.4686546</Position>
               </HpEngine04>
               <HpZp01>
                  <Orientation type="Matrix">
                      -0.8853912900,   0.4648464900,   0.0000000000,
                      -0.4648464900,  -0.8853912900,   0.0000000000,
                       0.0000000000,   0.0000000000,   1.0000000000
                  </Orientation>
                  <Position type="Vector">-2.7112288, -2.2488394, 4.1472859</Position>
               </HpZp01>
               <HpZp02>
                  <Orientation type="Matrix">
                      -0.8853920100,  -0.4648450600, -47.326793e-09,
                       0.4648450600,  -0.8853920100, -414.97387e-09,
                      150.99580e-09, -389.41420e-09,   1.0000000000
                  </Orientation>
                  <Position type="Vector">2.71123, -2.2488401, 4.1472902</Position>
               </HpZp02>
            </Fixed>
            <Revolute>
               <HpSEnergy_R>
                  <Orientation type="Matrix">
                      -0.3839219500,   0.9233655300, -953.67432e-09,
                      -0.9233655300,  -0.3839219500,   0.0000000000,
                     -366.13650e-09,  880.58999e-09,   1.0000000000
                  </Orientation>
                  <Position type="Vector">1.3314711, -1.9563035, -8.9066639</Position>
                  <Axis type="Vector">0, 1, 0</Axis>
                  <Min type="float">-0.7854</Min>
                  <Max type="float">0.78538001</Max>
               </HpSEnergy_R>
               <HpSEnergy_L>
                  <Orientation type="Matrix">
                      -0.3839257100,  -0.9233639800, -549.92296e-09,
                       0.9233639800,  -0.3839257100,  366.14009e-09,
                     -549.21014e-09, -367.20849e-09,   1.0000000000
                  </Orientation>
                  <Position type="Vector">-1.331, -1.956, -8.907</Position>
                  <Axis type="Vector">0, 1, 0</Axis>
                  <Min type="float">-0.7854</Min>
                  <Max type="float">0.78538001</Max>
               </HpSEnergy_L>
               <HpMEnergy_L>
                  <Orientation type="Matrix">
                       1.0000000000,   0.0000000000,   0.0000000000,
                       0.0000000000,   1.0000000000,   0.0000000000,
                       0.0000000000,   0.0000000000,   1.0000000000
                  </Orientation>
                  <Position type="Vector">-8.836, -3.322, 4.433</Position>
                  <Axis type="Vector">0, 1, 0</Axis>
                  <Min type="float">-0.78539819</Min>
                  <Max type="float">0.78539819</Max>
               </HpMEnergy_L>
               <HpTorpedo01>
                  <Orientation type="Matrix">
                       1.0000000000,   0.0000000000,  59.604645e-09,
                       0.0000000000,   1.0000000000,   0.0000000000,
                     -59.604645e-09,   0.0000000000,   1.0000000000
                  </Orientation>
                  <Position type="Vector">0, 2.3804109, -4.0606456</Position>
                  <Axis type="Vector">0, 1, 0</Axis>
                  <Min type="float">-0.78539819</Min>
                  <Max type="float">0.78539819</Max>
               </HpTorpedo01>
               <HpLEnergy_C>
                  <Orientation type="Matrix">
                      -1.0000000000,  26.352447e-15,  150.99580e-09,
                     -3.5527162e-15,  -1.0000000000,  150.99580e-09,
                      150.99580e-09,  150.99579e-09,   1.0000000000
                  </Orientation>
                  <Position type="Vector">0, -2.9507074, -10.112026</Position>
                  <Axis type="Vector">0, 1, 0</Axis>
                  <Min type="float">-0.78539819</Min>
                  <Max type="float">0.78539819</Max>
               </HpLEnergy_C>
               <HpMEnergy_R>
                  <Orientation type="Matrix">
                       0.9999991700, -2.7939677e-09,  29.289682e-12,
                      931.32257e-12,   0.9999992300,   0.0000000000,
                     -19.374391e-12,  42.632564e-15,   1.0000000000
                  </Orientation>
                  <Position type="Vector">8.8359623, -3.3223817, 4.4331865</Position>
                  <Axis type="Vector">0, 1, 0</Axis>
                  <Min type="float">-0.78539819</Min>
                  <Max type="float">0.78539819</Max>
               </HpMEnergy_R>
               <HpSMissile_L>
                  <Orientation type="Matrix">
                      -1.0000000000,  87.422777e-09, -19.374407e-12,
                     -87.422777e-09,  -1.0000000000,  42.630867e-15,
                     -19.374407e-12,  42.632561e-15,   1.0000000000
                  </Orientation>
                  <Position type="Vector">-9.0959568, -4.702384, 1.4931865</Position>
                  <Axis type="Vector">0, 1, 0</Axis>
                  <Min type="float">-0.78539819</Min>
                  <Max type="float">0.78539819</Max>
               </HpSMissile_L>
               <HpSMissile_R>
                  <Orientation type="Matrix">
                      -1.0000000000,  87.422777e-09,   0.0000000000,
                     -87.422777e-09,  -1.0000000000,   0.0000000000,
                       0.0000000000,   0.0000000000,   1.0000000000
                  </Orientation>
                  <Position type="Vector">9.1160069, -4.7019973, 1.543</Position>
                  <Axis type="Vector">0, 1, 0</Axis>
                  <Min type="float">-0.78539819</Min>
                  <Max type="float">0.78539819</Max>
               </HpSMissile_R>
            </Revolute>
         </Hardpoints>
      </bm_li_hf_elite231209151941.3db>
      <Phantom_Glass231209151941.3db>
         <VMeshPart>
            <VMeshRef type="VMeshRef">
               <!-- header size  --> 60,
               <!-- vmesh lib    --> bm_li_hf_elite.lod0-112.vms,
               <!-- start vert   --> 2914,
               <!-- num verts    --> 109,
               <!-- start index  --> 3351,
               <!-- num indices  --> 315,
               <!-- start mesh   --> 5,
               <!-- num meshes   --> 1,
               <!-- bounding box -->  2.069231,    0.066491798,  2.9751711,
                                     -0.76140416, -2.4118543,   -1.7764273,
               <!-- center       -->  0.65703034, -0.7555387,   10.614314,
               <!-- radius       --> 12.438096
            </VMeshRef>
         </VMeshPart>
      </Phantom_Glass231209151941.3db>
   </UTF_ROOT>
</UTFXML>
