<?xml version="1.0" encoding="ISO-8859-1"?>
<!-- XML generated by UTFXML Version 2.2 built 19-Aug-2010 -->
<UTFXML filename="bm_li_frigate.cmp" path="BMOD\SHIPS\MODELS\bm_li_frigate">
   <UTF_ROOT>
      <VMeshLibrary>
         <bm_li_frigate.lod0-112.vms include="bm_li_frigate_cmp\lod0-112.vms.xml"/>
      </VMeshLibrary>
      <Exporter_Version name="Exporter Version" type="text">MAXLancer Tools 0.97</Exporter_Version>
      <Cmpnd>
         <Root>
            <Object_name name="Object name" type="text">Root</Object_name>
            <Index type="int">0</Index>
            <File_name name="File name" type="text">bm_li_frigate231216155127.3db</File_name>
         </Root>
      </Cmpnd>
      <bm_li_frigate231216155127.3db>
         <VMeshPart>
            <VMeshRef type="VMeshRef">
               <!-- header size  --> 60,
               <!-- vmesh lib    --> bm_li_frigate.lod0-112.vms,
               <!-- start vert   --> 0,
               <!-- num verts    --> 9483,
               <!-- start index  --> 0,
               <!-- num indices  --> 11970,
               <!-- start mesh   --> 0,
               <!-- num meshes   --> 8,
               <!-- bounding box -->  17.699009,  16.61215,    68.23584,
                                     -17.699015, -11.927337,  -60.74411,
               <!-- center       -->   0,          2.3424058,   3.7458663,
               <!-- radius       --> 65.45179
            </VMeshRef>
         </VMeshPart>
         <VMeshWire include="bm_li_frigate_cmp\bm_li_frigate.vwd.xml"/>
         <Hardpoints>
            <Fixed>
               <HpBayDoor01>
                  <Orientation type="Matrix">
                       1.0000000000,   0.0000000000,   0.0000000000,
                       0.0000000000,   1.0000000000,   0.0000000000,
                       0.0000000000,   0.0000000000,   1.0000000000
                  </Orientation>
                  <Position type="Vector">6.7584009, 8.9088011, 18.892801</Position>
               </HpBayDoor01>
               <HpBayDoor02>
                  <Orientation type="Matrix">
                       1.0000000000,   0.0000000000,   0.0000000000,
                       0.0000000000,   1.0000000000,   0.0000000000,
                       0.0000000000,   0.0000000000,   1.0000000000
                  </Orientation>
                  <Position type="Vector">-6.7584009, 8.9088011, 18.892801</Position>
               </HpBayDoor02>
               <HpDockPointA>
                  <Orientation type="Matrix">
                       1.0000000000,   0.0000000000,   0.0000000000,
                       0.0000000000,   1.0000000000,   0.0000000000,
                       0.0000000000,   0.0000000000,   1.0000000000
                  </Orientation>
                  <Position type="Vector">12.288001, 8.9088011, 18.892801</Position>
               </HpDockPointA>
               <HpDockPointB>
                  <Orientation type="Matrix">
                       1.0000000000,   0.0000000000,   0.0000000000,
                       0.0000000000,   1.0000000000,   0.0000000000,
                       0.0000000000,   0.0000000000,   1.0000000000
                  </Orientation>
                  <Position type="Vector">-12.288001, 8.9088011, 18.892801</Position>
               </HpDockPointB>
               <HpEngine01>
                  <Orientation type="Matrix">
                       1.0000000000,   0.0000000000,   0.0000000000,
                       0.0000000000,   1.0000000000,   0.0000000000,
                       0.0000000000,   0.0000000000,   1.0000000000
                  </Orientation>
                  <Position type="Vector">3.7416975, -1.081344, 62.6688</Position>
               </HpEngine01>
               <HpEngine02>
                  <Orientation type="Matrix">
                       1.0000000000,   0.0000000000,   0.0000000000,
                       0.0000000000,   1.0000000000,  476.83716e-09,
                       0.0000000000, -476.83716e-09,   1.0000000000
                  </Orientation>
                  <Position type="Vector">-3.7416975, -1.081344, 62.6688</Position>
               </HpEngine02>
               <HpHeadLight01>
                  <Orientation type="Matrix">
                       1.0000000000,   0.0000000000,   0.0000000000,
                       0.0000000000,   1.0000000000,   0.0000000000,
                       0.0000000000,   0.0000000000,   1.0000000000
                  </Orientation>
                  <Position type="Vector">0, 2.5743392, -60.576744</Position>
               </HpHeadLight01>
               <HpMount>
                  <Orientation type="Matrix">
                       1.0000000000,   0.0000000000,   0.0000000000,
                       0.0000000000,   1.0000000000,   0.0000000000,
                       0.0000000000,   0.0000000000,   1.0000000000
                  </Orientation>
                  <Position type="Vector">0, -9.216, -60.576744</Position>
               </HpMount>
               <HpShield01>
                  <Orientation type="Matrix">
                       1.0000000000,   0.0000000000,   0.0000000000,
                       0.0000000000,   1.0000000000,   0.0000000000,
                       0.0000000000,   0.0000000000,   1.0000000000
                  </Orientation>
                  <Position type="Vector">0, 0, 15.36</Position>
               </HpShield01>
               <HpShield02>
                  <Orientation type="Matrix">
                       1.0000000000,   0.0000000000,   0.0000000000,
                       0.0000000000,   1.0000000000,   0.0000000000,
                       0.0000000000,   0.0000000000,   1.0000000000
                  </Orientation>
                  <Position type="Vector">0, 0, -15.36</Position>
               </HpShield02>
               <HpShield03>
                  <Orientation type="Matrix">
                       1.0000000000,   0.0000000000,   0.0000000000,
                       0.0000000000,   1.0000000000,   0.0000000000,
                       0.0000000000,   0.0000000000,   1.0000000000
                  </Orientation>
                  <Position type="Vector">0, 0, 30.72</Position>
               </HpShield03>
               <HpTractor_Source>
                  <Orientation type="Matrix">
                       1.0000000000,   0.0000000000,   0.0000000000,
                       0.0000000000,   1.0000000000,   0.0000000000,
                       0.0000000000,   0.0000000000,   1.0000000000
                  </Orientation>
                  <Position type="Vector">0, 2.522114, -60.444721</Position>
               </HpTractor_Source>
               <HpRunningLight01>
                  <Orientation type="Matrix">
                       0.9948807400,   0.1010560300,   0.0000000000,
                      -0.1010560300,   0.9948807400,   0.0000000000,
                       0.0000000000,   0.0000000000,   1.0000000000
                  </Orientation>
                  <Position type="Vector">6.6048012, 6.070271, -36.864002</Position>
               </HpRunningLight01>
               <HpRunningLight03>
                  <Orientation type="Matrix">
                       1.0000000000,   0.0000000000,   0.0000000000,
                       0.0000000000,   0.8090165900,   0.5877858400,
                       0.0000000000,  -0.5877858400,   0.8090165900
                  </Orientation>
                  <Position type="Vector">2.2118402, 8.0855141, -27.340803</Position>
               </HpRunningLight03>
               <HpRunningLight05>
                  <Orientation type="Matrix">
                       1.0000000000,   0.0000000000,   0.0000000000,
                       0.0000000000,   0.9985366500,   0.0540788880,
                       0.0000000000,  -0.0540788880,   0.9985366500
                  </Orientation>
                  <Position type="Vector">0, 10.552328, -25.024611</Position>
               </HpRunningLight05>
               <HpRunningLight06>
                  <Orientation type="Matrix">
                       1.0000000000,   0.0000000000,   0.0000000000,
                       0.0000000000,   1.0000000000,   0.0000000000,
                       0.0000000000,   0.0000000000,   1.0000000000
                  </Orientation>
                  <Position type="Vector">0, 16.613426, 21.504002</Position>
               </HpRunningLight06>
               <HpRunningLight07>
                  <Orientation type="Matrix">
                      75.553544e-09,   0.9854086000,  -0.1702095900,
                      -0.9999995800,  75.699063e-09, -3.5188350e-09,
                      1.2078090e-09,   0.1702096500,   0.9854081300
                  </Orientation>
                  <Position type="Vector">13.956075, -1.3824002, 52.224003</Position>
               </HpRunningLight07>
               <HpRunningLight09>
                  <Orientation type="Matrix">
                      -1.0000000000,  87.422777e-09,   0.0000000000,
                     -87.422777e-09,  -1.0000000000,   0.0000000000,
                       0.0000000000,   0.0000000000,   1.0000000000
                  </Orientation>
                  <Position type="Vector">0, -11.707388, 3.234813</Position>
               </HpRunningLight09>
               <HpRunningLight10>
                  <Orientation type="Matrix">
                      -1.0000000000,  87.422777e-09,   0.0000000000,
                     -87.422777e-09,  -1.0000000000,   0.0000000000,
                       0.0000000000,   0.0000000000,   1.0000000000
                  </Orientation>
                  <Position type="Vector">0, -11.513884, 10.963985</Position>
               </HpRunningLight10>
               <HpRunningLight11>
                  <Orientation type="Matrix">
                      -1.0000000000,  87.422777e-09,   0.0000000000,
                     -87.422777e-09,  -1.0000000000,   0.0000000000,
                       0.0000000000,   0.0000000000,   1.0000000000
                  </Orientation>
                  <Position type="Vector">0, -11.541527, 13.639682</Position>
               </HpRunningLight11>
               <HpRunningLight12>
                  <Orientation type="Matrix">
                      -1.0000000000,  87.422777e-09,   0.0000000000,
                     -87.422777e-09,  -1.0000000000,   0.0000000000,
                       0.0000000000,   0.0000000000,   1.0000000000
                  </Orientation>
                  <Position type="Vector">0, -11.541527, 16.312321</Position>
               </HpRunningLight12>
               <HpRunningLight13>
                  <Orientation type="Matrix">
                      -1.0000000000,  87.422777e-09,   0.0000000000,
                     -87.422777e-09,  -1.0000000000,   0.0000000000,
                       0.0000000000,   0.0000000000,   1.0000000000
                  </Orientation>
                  <Position type="Vector">0, -11.928534, -3.6864004</Position>
               </HpRunningLight13>
               <HpRunningLight02>
                  <Orientation type="Matrix">
                       0.9948807400,  -0.1010559700, -477.18640e-09,
                       0.1010559400,   0.9948812700,  3.2596290e-09,
                      474.45064e-09, -42.840838e-09,   0.9999998800
                  </Orientation>
                  <Position type="Vector">-6.6048012, 6.0702744, -36.863991</Position>
               </HpRunningLight02>
               <HpRunningLight04>
                  <Orientation type="Matrix">
                       1.0000000000,   0.0000000000,   0.0000000000,
                       0.0000000000,   0.8090165900,   0.5877858400,
                       0.0000000000,  -0.5877858400,   0.8090165900
                  </Orientation>
                  <Position type="Vector">-2.2118402, 8.0855141, -27.340803</Position>
               </HpRunningLight04>
               <HpRunningLight08>
                  <Orientation type="Matrix">
                      312.63335e-09,  -0.9854083700,   0.1702095000,
                       0.9999998200,  312.05127e-09, -33.151700e-09,
                     -30.093361e-09,   0.1702094800,   0.9854084300
                  </Orientation>
                  <Position type="Vector">-13.956075, -1.3824002, 52.224003</Position>
               </HpRunningLight08>
            </Fixed>
            <Revolute>
               <HpTurret01>
                  <Orientation type="Matrix">
                       1.0000000000,   0.0000000000,   0.0000000000,
                       0.0000000000,   0.9991228600,   0.0418755040,
                       0.0000000000,  -0.0418755040,   0.9991228600
                  </Orientation>
                  <Position type="Vector">0, 11.172872, -17.817602</Position>
                  <Axis type="Vector">0, 1, 0</Axis>
                  <Min type="float">-6.2831855</Min>
                  <Max type="float">6.2831855</Max>
               </HpTurret01>
               <HpTurret02>
                  <Orientation type="Matrix">
                      -1.0000000000, -4.8800697e-09, -87.286459e-09,
                       0.0000000000,   0.9984407400,  -0.0558214900,
                      87.422777e-09,  -0.0558214900,  -0.9984407400
                  </Orientation>
                  <Position type="Vector">0, 9.519989, 38</Position>
                  <Axis type="Vector">0, 1, 0</Axis>
                  <Min type="float">-6.2831855</Min>
                  <Max type="float">6.2831855</Max>
               </HpTurret02>
               <HpTurret03>
                  <Orientation type="Matrix">
                      -1.0000000000, -1.9834032e-09, -87.400274e-09,
                       0.0000000000,   0.9997426300,  -0.0226874890,
                      87.422777e-09,  -0.0226874890,  -0.9997426300
                  </Orientation>
                  <Position type="Vector">-0, 9.570013, 46.539909</Position>
                  <Axis type="Vector">0, 1, 0</Axis>
                  <Min type="float">-6.2831855</Min>
                  <Max type="float">6.2831855</Max>
               </HpTurret03>
               <HpTurret04>
                  <Orientation type="Matrix">
                       1.0000000000,  1.9834030e-09,  87.400267e-09,
                       0.0000000000,   0.9997426300,  -0.0226874870,
                     -87.422769e-09,   0.0226874870,   0.9997426300
                  </Orientation>
                  <Position type="Vector">-0, 5.1200027, -40.539909</Position>
                  <Axis type="Vector">0, 1, 0</Axis>
                  <Min type="float">-6.2831855</Min>
                  <Max type="float">6.2831855</Max>
               </HpTurret04>
               <HpTurret05>
                  <Orientation type="Matrix">
                      -1.0000000000,  87.346095e-09,  3.6608725e-09,
                     -87.422777e-09,  -0.9991228600,  -0.0418755000,
                       0.0000000000,  -0.0418755000,   0.9991228600
                  </Orientation>
                  <Position type="Vector">0, -9.7828836, -17.817602</Position>
                  <Axis type="Vector">0, 1, 0</Axis>
                  <Min type="float">-6.2831855</Min>
                  <Max type="float">6.2831855</Max>
               </HpTurret05>
               <HpTurret06>
                  <Orientation type="Matrix">
                       1.0000000000,  389.41437e-09,  87.422777e-09,
                      389.41437e-09,  -1.0000000000,  34.043684e-15,
                      87.422777e-09,   0.0000000000,  -1.0000000000
                  </Orientation>
                  <Position type="Vector">0, -11.832882, 26.737621</Position>
                  <Axis type="Vector">0, 1, 0</Axis>
                  <Min type="float">-6.2831855</Min>
                  <Max type="float">6.2831855</Max>
               </HpTurret06>
               <HpWeapon01>
                  <Orientation type="Matrix">
                       1.0000000000,   0.0000000000,   0.0000000000,
                       0.0000000000,   1.0000000000,   0.0000000000,
                       0.0000000000,   0.0000000000,   1.0000000000
                  </Orientation>
                  <Position type="Vector">0, 2.94, -56.909679</Position>
                  <Axis type="Vector">0, 1, 0</Axis>
                  <Min type="float">-6.2831855</Min>
                  <Max type="float">6.2831855</Max>
               </HpWeapon01>
               <HpWeapon02>
                  <Orientation type="Matrix">
                      -1.0000000000,   0.0000000000, -87.422777e-09,
                       0.0000000000,   1.0000000000,   0.0000000000,
                      87.422777e-09,   0.0000000000,  -1.0000000000
                  </Orientation>
                  <Position type="Vector">0, 3.9299788, 66.789871</Position>
                  <Axis type="Vector">0, 1, 0</Axis>
                  <Min type="float">-6.2831855</Min>
                  <Max type="float">6.2831855</Max>
               </HpWeapon02>
               <HpWeapon03>
                  <Orientation type="Matrix">
                      -1.0000000000,  87.422777e-09,   0.0000000000,
                     -87.422777e-09,  -1.0000000000,   0.0000000000,
                       0.0000000000,   0.0000000000,   1.0000000000
                  </Orientation>
                  <Position type="Vector">0, -8.3000078, -34.909679</Position>
                  <Axis type="Vector">0, 1, 0</Axis>
                  <Min type="float">-6.2831855</Min>
                  <Max type="float">6.2831855</Max>
               </HpWeapon03>
               <HpWeapon04>
                  <Orientation type="Matrix">
                       1.0000000000,  87.422777e-09,  87.422777e-09,
                      87.422777e-09,  -1.0000000000,  7.6427419e-15,
                      87.422777e-09,   0.0000000000,  -1.0000000000
                  </Orientation>
                  <Position type="Vector">0, -9.5499897, 49.689632</Position>
                  <Axis type="Vector">0, 1, 0</Axis>
                  <Min type="float">-6.2831855</Min>
                  <Max type="float">6.2831855</Max>
               </HpWeapon04>
               <HpWeapon05>
                  <Orientation type="Matrix">
                       1.0000000000,   0.0000000000,   0.0000000000,
                       0.0000000000,   1.0000000000,   0.0000000000,
                       0.0000000000,   0.0000000000,   1.0000000000
                  </Orientation>
                  <Position type="Vector">-0, 13.23, 5.1700039</Position>
                  <Axis type="Vector">0, 1, 0</Axis>
                  <Min type="float">-6.2831855</Min>
                  <Max type="float">6.2831855</Max>
               </HpWeapon05>
               <HpWeapon07>
                  <Orientation type="Matrix">
                     -43.711388e-09,   0.9941510000,  -0.1079992900,
                      -1.0000000000, -43.455721e-09,  4.7207989e-09,
                       0.0000000000,   0.1079992900,   0.9941510000
                  </Orientation>
                  <Position type="Vector">13.99, 0, 31.69</Position>
                  <Axis type="Vector">0, 1, 0</Axis>
                  <Min type="float">-6.2831855</Min>
                  <Max type="float">6.2831855</Max>
               </HpWeapon07>
               <HpWeapon08>
                  <Orientation type="Matrix">
                     -43.711388e-09,  -0.9941509400,   0.1079993500,
                       1.0000000000, -43.455717e-09,  4.7208015e-09,
                       0.0000000000,   0.1079993500,   0.9941509400
                  </Orientation>
                  <Position type="Vector">-13.99, 0, 31.69</Position>
                  <Axis type="Vector">0, 1, 0</Axis>
                  <Min type="float">-6.2831855</Min>
                  <Max type="float">6.2831855</Max>
               </HpWeapon08>
               <HpWeapon06>
                  <Orientation type="Matrix">
                       1.0000000000,  91.588987e-09,  83.047823e-09,
                      87.422777e-09,  -0.9988061200,   0.0488497610,
                      87.422777e-09,  -0.0488497610,  -0.9988061200
                  </Orientation>
                  <Position type="Vector">0, -5.9299569, 66.789871</Position>
                  <Axis type="Vector">0, 1, 0</Axis>
                  <Min type="float">-6.2831855</Min>
                  <Max type="float">6.2831855</Max>
               </HpWeapon06>
            </Revolute>
         </Hardpoints>
      </bm_li_frigate231216155127.3db>
   </UTF_ROOT>
</UTFXML>
