<?xml version="1.0" encoding="ISO-8859-1"?>
<!-- XML generated by UTFXML Version 2.2 built 19-Aug-2010 -->
<UTFXML filename="bm_li_dreadnought.cmp" path="BMOD\SOLAR\DOCKABLE">
   <UTF_ROOT>
      <VMeshLibrary>
         <bm_li_dreadnought.lod0-112.vms include="bm_li_dreadnought_cmp\lod0-112.vms.xml"/>
         <bm_li_dreadnought.lod1-112.vms include="bm_li_dreadnought_cmp\lod1-112.vms.xml"/>
         <bm_li_dreadnought.lod2-112.vms include="bm_li_dreadnought_cmp\lod2-112.vms.xml"/>
         <bm_li_dreadnought.lod3-112.vms include="bm_li_dreadnought_cmp\lod3-112.vms.xml"/>
         <bm_li_dreadnought.lod4-112.vms include="bm_li_dreadnought_cmp\lod4-112.vms.xml"/>
         <bm_li_dreadnought.lod5-112.vms include="bm_li_dreadnought_cmp\lod5-112.vms.xml"/>
         <bm_li_dreadnought.lod6-112.vms include="bm_li_dreadnought_cmp\lod6-112.vms.xml"/>
      </VMeshLibrary>
      <Animation include="bm_li_dreadnought_cmp\Animation.xml"/>
      <Exporter_Version name="Exporter Version" type="text">MAXLancer Tools 0.97</Exporter_Version>
      <Cmpnd>
         <Cons>
            <Fix type="Fix" count="19">
               <part>
                  <!-- parent      --> "Root",
                  <!-- child       --> "Li_bottom_lod1",
                  <!-- position    --> 0.0046626991, -40.568645, -0.6054374,
                  <!-- orientation -->   1.0000000000,  37.252903e-09, -96.857548e-09,
                                       -37.252910e-09,   1.0000000000, -74.505806e-09,
                                        96.857548e-09,  74.505813e-09,   1.0000000000
               </part>
               <part>
                  <!-- parent      --> "Root",
                  <!-- child       --> "Li_cntrltwr_lod1",
                  <!-- position    --> 0.0046523428, 46.569138, 8.9734592,
                  <!-- orientation -->   1.0000000000,  37.252903e-09, -96.857548e-09,
                                       -37.252910e-09,   1.0000000000, -74.505806e-09,
                                        96.857548e-09,  74.505813e-09,   1.0000000000
               </part>
               <part>
                  <!-- parent      --> "Root",
                  <!-- child       --> "Li_rear_lod1",
                  <!-- position    --> -36.10806e-6, -11.007383, 62.067329,
                  <!-- orientation -->  -1.0000000000, -22.351767e-09,  216.06684e-09,
                                       -22.351715e-09,   1.0000000000,  238.41858e-09,
                                       -216.06684e-09,  238.41858e-09,  -1.0000000000
               </part>
               <part>
                  <!-- parent      --> "Root",
                  <!-- child       --> "Li_nose_lod1",
                  <!-- position    --> 29.103798e-6, -12.915322, -236.17252,
                  <!-- orientation -->   1.0000000000,  37.252903e-09, -96.857548e-09,
                                       -37.252910e-09,   1.0000000000, -74.505806e-09,
                                        96.857548e-09,  74.505813e-09,   1.0000000000
               </part>
               <part>
                  <!-- parent      --> "Root",
                  <!-- child       --> "Li_frnt_lod1",
                  <!-- position    --> 23.720922e-6, -7.3924661, -172.7169,
                  <!-- orientation -->   1.0000000000,  37.252903e-09, -96.857548e-09,
                                       -37.252910e-09,   1.0000000000, -74.505806e-09,
                                        96.857548e-09,  74.505813e-09,   1.0000000000
               </part>
               <part>
                  <!-- parent      --> "Li_frnt_lod1",
                  <!-- child       --> "Li_interior_lod1",
                  <!-- position    --> 0.022629293, -3.2359059, 72.735794,
                  <!-- orientation -->   1.0000000000,  22.390021e-09, -103.68803e-09,
                                       -22.390013e-09,   1.0000000000,  68.935847e-09,
                                        103.68803e-09, -68.935847e-09,   1.0000000000
               </part>
               <part>
                  <!-- parent      --> "Li_frnt_lod1",
                  <!-- child       --> "Li_starboard_skid_lod1",
                  <!-- position    --> 30.002203, -21.889965, 41.926109,
                  <!-- orientation -->   0.7372773300,   0.6755902200,  12.844955e-09,
                                        -0.6755902200,   0.7372773300, -56.376226e-09,
                                       -47.557521e-09,  32.886987e-09,   1.0000000000
               </part>
               <part>
                  <!-- parent      --> "Li_frnt_lod1",
                  <!-- child       --> "Li_port_skid_lod1",
                  <!-- position    --> -30.001802, -21.889969, 41.926113,
                  <!-- orientation -->  -0.7372774500,  -0.6755901000, -16.897321e-09,
                                        -0.6755901000,   0.7372774500, -91.948976e-09,
                                        74.577834e-09, -56.376244e-09,  -1.0000000000
               </part>
               <part>
                  <!-- parent      --> "Root",
                  <!-- child       --> "Li_reactor_core_lod1",
                  <!-- position    --> -0.41868159, -6.8746839, 148.24615,
                  <!-- orientation -->   1.0000000000,  37.252903e-09, -96.857548e-09,
                                       -37.252910e-09,   1.0000000000, -74.505806e-09,
                                        96.857548e-09,  74.505813e-09,   1.0000000000
               </part>
               <part>
                  <!-- parent      --> "Li_reactor_core_lod1",
                  <!-- child       --> "Li_reactor_lod1",
                  <!-- position    --> 0.37193003, 0.0010407687, -46.080727,
                  <!-- orientation -->   1.0000000000, -10.762663e-09,  1.3466220e-09,
                                        10.762663e-09,   1.0000000000,  297.84178e-09,
                                       -1.3466253e-09, -297.84178e-09,   1.0000000000
               </part>
               <part>
                  <!-- parent      --> "Li_reactor_lod1",
                  <!-- child       --> "Leaf02_d1_lod1",
                  <!-- position    --> 24.255095, -24.268623, 48.242016,
                  <!-- orientation -->  -0.7071065900,   0.7071069500, -66.988115e-09,
                                        -0.7071069500,  -0.7071065900, -345.81612e-09,
                                       -291.89673e-09, -197.16110e-09,   1.0000000000
               </part>
               <part>
                  <!-- parent      --> "Li_reactor_lod1",
                  <!-- child       --> "Leaf04_d1_lod1",
                  <!-- position    --> 24.255077, 24.190645, 48.242035,
                  <!-- orientation -->   0.7071070700,   0.7071064700, -176.44165e-09,
                                        -0.7071064700,   0.7071070700, -166.39444e-09,
                                        7.1045467e-09,  242.42172e-09,   1.0000000000
               </part>
               <part>
                  <!-- parent      --> "Li_reactor_lod1",
                  <!-- child       --> "Leaf08_d1_lod1",
                  <!-- position    --> -24.204151, -24.268648, 48.242031,
                  <!-- orientation -->  -0.7071073700,  -0.7071061700, -229.48019e-09,
                                         0.7071061700,  -0.7071073700, -144.19719e-09,
                                       -60.304416e-09, -264.22975e-09,   1.0000000000
               </part>
               <part>
                  <!-- parent      --> "Li_reactor_lod1",
                  <!-- child       --> "Leaf03_d1_lod1",
                  <!-- position    --> 34.291332, -0.03899226, 48.242027,
                  <!-- orientation -->  154.42998e-09,   1.0000000000,  31.357629e-09,
                                        -1.0000000000,  154.43000e-09, -353.47250e-09,
                                       -353.47250e-09, -31.357576e-09,   1.0000000000
               </part>
               <part>
                  <!-- parent      --> "Li_reactor_lod1",
                  <!-- child       --> "Leaf06_d1_lod1",
                  <!-- position    --> -24.20418, 24.190634, 48.242031,
                  <!-- orientation -->   0.7071065900,  -0.7071069500, -247.93681e-09,
                                         0.7071069500,   0.7071065900, -163.00523e-09,
                                        290.57989e-09, -60.055775e-09,   1.0000000000
               </part>
               <part>
                  <!-- parent      --> "Li_reactor_lod1",
                  <!-- child       --> "Leaf07_d1_lod1",
                  <!-- position    --> -34.240414, -0.039009809, 48.242039,
                  <!-- orientation --> -418.31004e-09,  -1.0000000000, -28.097507e-09,
                                         1.0000000000, -418.31004e-09, -399.63649e-09,
                                        399.63649e-09, -28.097674e-09,   1.0000000000
               </part>
               <part>
                  <!-- parent      --> "Li_reactor_lod1",
                  <!-- child       --> "Leaf01_d1_lod1",
                  <!-- position    --> 0.025460888, -34.304874, 48.242012,
                  <!-- orientation -->  -1.0000000000,  129.16001e-09, -370.75091e-09,
                                       -129.15997e-09,  -1.0000000000, -117.98769e-09,
                                       -370.75094e-09, -117.98764e-09,   1.0000000000
               </part>
               <part>
                  <!-- parent      --> "Li_reactor_lod1",
                  <!-- child       --> "Li_engine_lod1",
                  <!-- position    --> 2.8860666e-6, -0.033211987, 105.29852,
                  <!-- orientation -->  -0.8660260400,   0.4999989300,  75.259813e-09,
                                        -0.4999989300,  -0.8660260400, -98.335278e-09,
                                        16.009425e-09, -122.79074e-09,   1.0000000000
               </part>
               <part>
                  <!-- parent      --> "Li_reactor_lod1",
                  <!-- child       --> "Leaf05_d1_lod1",
                  <!-- position    --> 0.025449662, 34.226875, 48.242035,
                  <!-- orientation -->   1.0000000000, -198.40932e-09,  410.77283e-09,
                                        198.40955e-09,   1.0000000000, -567.10365e-09,
                                       -410.77271e-09,  567.10371e-09,   1.0000000000
               </part>
            </Fix>
            <Pris type="Rev" count="2">
               <part>
                  <!-- parent      --> "Li_interior_lod1",
                  <!-- child       --> "Baydoor01_lod1",
                  <!-- position    --> 15.689201, -15.336661, -21.813511,
                  <!-- offset      --> 0, 0, -0,
                  <!-- orientation -->  28.621750e-09,   1.0000000000,  29.802319e-09,
                                       -75.435267e-09, -29.802317e-09,   1.0000000000,
                                         1.0000000000, -28.621752e-09,  75.435267e-09,
                  <!-- axis        --> -403.08205e-09,  233.56340e-09,  -1.0000000000,
                  <!-- min, max    --> 0, 19.554993
               </part>
               <part>
                  <!-- parent      --> "Li_interior_lod1",
                  <!-- child       --> "Baydoor02_lod1",
                  <!-- position    --> 15.689201, -15.336661, -21.813511,
                  <!-- offset      --> 0, 0, -0,
                  <!-- orientation -->  28.621750e-09,   1.0000000000,  29.802319e-09,
                                       -75.435267e-09, -29.802317e-09,   1.0000000000,
                                         1.0000000000, -28.621752e-09,  75.435267e-09,
                  <!-- axis        --> -13.255612e-09, -10.538630e-09,   1.0000000000,
                  <!-- min, max    --> 0, 19.076551
               </part>
            </Pris>
         </Cons>
         <Part_Li_bottom_lod1>
            <Object_name name="Object name" type="text">Li_bottom_lod1</Object_name>
            <Index type="int">0</Index>
            <File_name name="File name" type="text">Li_bottom_lod1231209150206.3db</File_name>
         </Part_Li_bottom_lod1>
         <Part_Li_cntrltwr_lod1>
            <Object_name name="Object name" type="text">Li_cntrltwr_lod1</Object_name>
            <Index type="int">0</Index>
            <File_name name="File name" type="text">Li_cntrltwr_lod1231209150206.3db</File_name>
         </Part_Li_cntrltwr_lod1>
         <Part_Li_rear_lod1>
            <Object_name name="Object name" type="text">Li_rear_lod1</Object_name>
            <Index type="int">0</Index>
            <File_name name="File name" type="text">Li_rear_lod1231209150206.3db</File_name>
         </Part_Li_rear_lod1>
         <Part_Li_nose_lod1>
            <Object_name name="Object name" type="text">Li_nose_lod1</Object_name>
            <Index type="int">0</Index>
            <File_name name="File name" type="text">Li_nose_lod1231209150206.3db</File_name>
         </Part_Li_nose_lod1>
         <Part_Li_frnt_lod1>
            <Object_name name="Object name" type="text">Li_frnt_lod1</Object_name>
            <Index type="int">0</Index>
            <File_name name="File name" type="text">Li_frnt_lod1231209150206.3db</File_name>
         </Part_Li_frnt_lod1>
         <Part_Li_interior_lod1>
            <Object_name name="Object name" type="text">Li_interior_lod1</Object_name>
            <Index type="int">0</Index>
            <File_name name="File name" type="text">Li_interior_lod1231209150206.3db</File_name>
         </Part_Li_interior_lod1>
         <Part_Baydoor01_lod1>
            <Object_name name="Object name" type="text">Baydoor01_lod1</Object_name>
            <Index type="int">0</Index>
            <File_name name="File name" type="text">Baydoor01_lod1231209150206.3db</File_name>
         </Part_Baydoor01_lod1>
         <Part_Baydoor02_lod1>
            <Object_name name="Object name" type="text">Baydoor02_lod1</Object_name>
            <Index type="int">0</Index>
            <File_name name="File name" type="text">Baydoor02_lod1231209150206.3db</File_name>
         </Part_Baydoor02_lod1>
         <Part_Li_starboard_skid_lod1>
            <Object_name name="Object name" type="text">Li_starboard_skid_lod1</Object_name>
            <Index type="int">0</Index>
            <File_name name="File name" type="text">Li_starboard_skid_lod1231209150206.3db</File_name>
         </Part_Li_starboard_skid_lod1>
         <Part_Li_port_skid_lod1>
            <Object_name name="Object name" type="text">Li_port_skid_lod1</Object_name>
            <Index type="int">0</Index>
            <File_name name="File name" type="text">Li_port_skid_lod1231209150206.3db</File_name>
         </Part_Li_port_skid_lod1>
         <Part_Li_reactor_core_lod1>
            <Object_name name="Object name" type="text">Li_reactor_core_lod1</Object_name>
            <Index type="int">0</Index>
            <File_name name="File name" type="text">Li_reactor_core_lod1231209150206.3db</File_name>
         </Part_Li_reactor_core_lod1>
         <Part_Li_reactor_lod1>
            <Object_name name="Object name" type="text">Li_reactor_lod1</Object_name>
            <Index type="int">0</Index>
            <File_name name="File name" type="text">Li_reactor_lod1231209150206.3db</File_name>
         </Part_Li_reactor_lod1>
         <Part_Leaf02_d1_lod1>
            <Object_name name="Object name" type="text">Leaf02_d1_lod1</Object_name>
            <Index type="int">0</Index>
            <File_name name="File name" type="text">Leaf02_d1_lod1231209150206.3db</File_name>
         </Part_Leaf02_d1_lod1>
         <Part_Leaf04_d1_lod1>
            <Object_name name="Object name" type="text">Leaf04_d1_lod1</Object_name>
            <Index type="int">0</Index>
            <File_name name="File name" type="text">Leaf04_d1_lod1231209150206.3db</File_name>
         </Part_Leaf04_d1_lod1>
         <Part_Leaf08_d1_lod1>
            <Object_name name="Object name" type="text">Leaf08_d1_lod1</Object_name>
            <Index type="int">0</Index>
            <File_name name="File name" type="text">Leaf08_d1_lod1231209150206.3db</File_name>
         </Part_Leaf08_d1_lod1>
         <Part_Leaf03_d1_lod1>
            <Object_name name="Object name" type="text">Leaf03_d1_lod1</Object_name>
            <Index type="int">0</Index>
            <File_name name="File name" type="text">Leaf03_d1_lod1231209150206.3db</File_name>
         </Part_Leaf03_d1_lod1>
         <Part_Leaf06_d1_lod1>
            <Object_name name="Object name" type="text">Leaf06_d1_lod1</Object_name>
            <Index type="int">0</Index>
            <File_name name="File name" type="text">Leaf06_d1_lod1231209150206.3db</File_name>
         </Part_Leaf06_d1_lod1>
         <Part_Leaf07_d1_lod1>
            <Object_name name="Object name" type="text">Leaf07_d1_lod1</Object_name>
            <Index type="int">0</Index>
            <File_name name="File name" type="text">Leaf07_d1_lod1231209150206.3db</File_name>
         </Part_Leaf07_d1_lod1>
         <Part_Leaf01_d1_lod1>
            <Object_name name="Object name" type="text">Leaf01_d1_lod1</Object_name>
            <Index type="int">0</Index>
            <File_name name="File name" type="text">Leaf01_d1_lod1231209150206.3db</File_name>
         </Part_Leaf01_d1_lod1>
         <Part_Li_engine_lod1>
            <Object_name name="Object name" type="text">Li_engine_lod1</Object_name>
            <Index type="int">0</Index>
            <File_name name="File name" type="text">Li_engine_lod1231209150206.3db</File_name>
         </Part_Li_engine_lod1>
         <Part_Leaf05_d1_lod1>
            <Object_name name="Object name" type="text">Leaf05_d1_lod1</Object_name>
            <Index type="int">0</Index>
            <File_name name="File name" type="text">Leaf05_d1_lod1231209150206.3db</File_name>
         </Part_Leaf05_d1_lod1>
         <Root>
            <Object_name name="Object name" type="text">Root</Object_name>
            <Index type="int">0</Index>
            <File_name name="File name" type="text">bm_li_dreadnought231209150206.3db</File_name>
         </Root>
      </Cmpnd>
      <bm_li_dreadnought231209150206.3db>
         <MultiLevel>
            <Switch2 type="float array" count="8">
               0,
               100,
               1000,
               10000,
               100000,
               0x00000001,
               0x0013E7AC,
               1000000
            </Switch2>
            <Level0>
               <VMeshPart>
                  <VMeshRef type="VMeshRef">
                     <!-- header size  --> 60,
                     <!-- vmesh lib    --> bm_li_dreadnought.lod0-112.vms,
                     <!-- start vert   --> 0,
                     <!-- num verts    --> 1859,
                     <!-- start index  --> 0,
                     <!-- num indices  --> 3099,
                     <!-- start mesh   --> 0,
                     <!-- num meshes   --> 6,
                     <!-- bounding box -->  34.151432,   33.398384,   35.105114,
                                           -34.151428,  -33.661293,  -44.687496,
                     <!-- center       -->  -3.1976519,  -2.2011969,  -5.7658434,
                     <!-- radius       --> 57.694126
                  </VMeshRef>
               </VMeshPart>
            </Level0>
            <Level1>
               <VMeshPart>
                  <VMeshRef type="VMeshRef">
                     <!-- header size  --> 60,
                     <!-- vmesh lib    --> bm_li_dreadnought.lod1-112.vms,
                     <!-- start vert   --> 0,
                     <!-- num verts    --> 1109,
                     <!-- start index  --> 0,
                     <!-- num indices  --> 1632,
                     <!-- start mesh   --> 0,
                     <!-- num meshes   --> 7,
                     <!-- bounding box -->  34.151432,   32.147423,   35.105114,
                                           -34.151428,  -33.661293,  -44.687496,
                     <!-- center       -->  -3.1976519,  -2.2011969,  -5.7658434,
                     <!-- radius       --> 57.694126
                  </VMeshRef>
               </VMeshPart>
            </Level1>
            <Level2>
               <VMeshPart>
                  <VMeshRef type="VMeshRef">
                     <!-- header size  --> 60,
                     <!-- vmesh lib    --> bm_li_dreadnought.lod2-112.vms,
                     <!-- start vert   --> 0,
                     <!-- num verts    --> 884,
                     <!-- start index  --> 0,
                     <!-- num indices  --> 1212,
                     <!-- start mesh   --> 0,
                     <!-- num meshes   --> 7,
                     <!-- bounding box -->  34.151432,   32.147423,   35.105114,
                                           -34.151428,  -33.661293,  -44.687496,
                     <!-- center       -->  -3.1976519,  -2.2011969,  -5.7658434,
                     <!-- radius       --> 57.694126
                  </VMeshRef>
               </VMeshPart>
            </Level2>
            <Level3>
               <VMeshPart>
                  <VMeshRef type="VMeshRef">
                     <!-- header size  --> 60,
                     <!-- vmesh lib    --> bm_li_dreadnought.lod3-112.vms,
                     <!-- start vert   --> 0,
                     <!-- num verts    --> 382,
                     <!-- start index  --> 0,
                     <!-- num indices  --> 552,
                     <!-- start mesh   --> 0,
                     <!-- num meshes   --> 5,
                     <!-- bounding box -->  34.151432,   32.147423,   35.105114,
                                           -34.151428,  -33.661293,  -44.687496,
                     <!-- center       -->  -3.1976519,  -2.2011969,  -5.7658434,
                     <!-- radius       --> 57.694126
                  </VMeshRef>
               </VMeshPart>
            </Level3>
            <Level4>
               <VMeshPart>
                  <VMeshRef type="VMeshRef">
                     <!-- header size  --> 60,
                     <!-- vmesh lib    --> bm_li_dreadnought.lod4-112.vms,
                     <!-- start vert   --> 0,
                     <!-- num verts    --> 92,
                     <!-- start index  --> 0,
                     <!-- num indices  --> 108,
                     <!-- start mesh   --> 0,
                     <!-- num meshes   --> 2,
                     <!-- bounding box -->  34.118923,   32.147423,   35.105114,
                                           -34.118923,  -33.661293,  -44.687496,
                     <!-- center       -->  -3.1976519,  -2.2011969,  -5.7658434,
                     <!-- radius       --> 57.694126
                  </VMeshRef>
               </VMeshPart>
            </Level4>
            <Level5>
               <VMeshPart>
                  <VMeshRef type="VMeshRef">
                     <!-- header size  --> 60,
                     <!-- vmesh lib    --> bm_li_dreadnought.lod5-112.vms,
                     <!-- start vert   --> 0,
                     <!-- num verts    --> 92,
                     <!-- start index  --> 0,
                     <!-- num indices  --> 108,
                     <!-- start mesh   --> 0,
                     <!-- num meshes   --> 2,
                     <!-- bounding box -->  34.118923,   32.147423,   35.105114,
                                           -34.118923,  -33.661293,  -44.687496,
                     <!-- center       -->  -3.1976519,  -2.2011969,  -5.7658434,
                     <!-- radius       --> 57.694126
                  </VMeshRef>
               </VMeshPart>
            </Level5>
            <Level6>
               <VMeshPart>
                  <VMeshRef type="VMeshRef">
                     <!-- header size  --> 60,
                     <!-- vmesh lib    --> bm_li_dreadnought.lod6-112.vms,
                     <!-- start vert   --> 0,
                     <!-- num verts    --> 24,
                     <!-- start index  --> 0,
                     <!-- num indices  --> 36,
                     <!-- start mesh   --> 0,
                     <!-- num meshes   --> 2,
                     <!-- bounding box -->  29.340584,   32.147423,   30.013199,
                                           -29.340582,  -33.661293,  -39.987488,
                     <!-- center       -->  -3.1976519,  -2.2011969,  -5.7658434,
                     <!-- radius       --> 57.694126
                  </VMeshRef>
               </VMeshPart>
            </Level6>
         </MultiLevel>
         <VMeshWire include="bm_li_dreadnought_cmp\bm_li_dreadnought.vwd.xml"/>
         <Hardpoints>
            <Fixed>
               <DpBottom>
                  <Position type="Vector">-0.3398045, -39.388893, -5.2699032</Position>
                  <Orientation type="Matrix">
                       1.0000000000,  246.73886e-09,  4.5194146e-09,
                     -246.73886e-09,   1.0000000000,  476.83716e-09,
                     -4.5192969e-09, -476.83716e-09,   1.0000000000
                  </Orientation>
               </DpBottom>
               <DpCntrltwr>
                  <Position type="Vector">0.013554879, 35.018002, 15.650368</Position>
                  <Orientation type="Matrix">
                      -1.0000000000, -325.84146e-09,  476.83710e-09,
                      476.83716e-09, -162.92068e-09,   1.0000000000,
                     -325.84137e-09,   1.0000000000,  162.92084e-09
                  </Orientation>
               </DpCntrltwr>
               <DpMidsection>
                  <Position type="Vector">-0.33979285, -2.342304, -18.817221</Position>
                  <Orientation type="Matrix">
                      -1.0000000000, -72.000409e-15,  150.99580e-09,
                       0.0000000000,   1.0000000000,  476.83716e-09,
                     -150.99580e-09,  476.83716e-09,  -1.0000000000
                  </Orientation>
               </DpMidsection>
               <DpRearsection>
                  <Position type="Vector">-0.33981559, -6.8408909, 47.489868</Position>
                  <Orientation type="Matrix">
                       1.0000000000,  211.43001e-09, -476.83704e-09,
                     -211.42978e-09,   1.0000000000,  476.83716e-09,
                      476.83716e-09, -476.83704e-09,   1.0000000000
                  </Orientation>
               </DpRearsection>
               <HpDockCamA>
                  <Position type="Vector">36.614899, -62.719189, -136.15541</Position>
                  <Orientation type="Matrix">
                      -0.2779744600,   0.5329267400,   0.7991992800,
                       0.2618267800,   0.8425220300,  -0.4707478600,
                      -0.9242170500,   0.0783958580,  -0.3737340300
                  </Orientation>
               </HpDockCamA>
               <HpDockMountC>
                  <Position type="Vector">0.0052026385, 164.42424, -6.787209</Position>
                  <Orientation type="Matrix">
                      -1.0000000000,   0.0000000000,  325.84137e-09,
                       0.0000000000,   1.0000000000,  -0.0000000000,
                     -325.84137e-09,  -0.0000000000,  -1.0000000000
                  </Orientation>
               </HpDockMountC>
               <HpDockPointC01>
                  <Position type="Vector">0.0052054739, 164.42427, -307.30777</Position>
                  <Orientation type="Matrix">
                      -1.0000000000,   0.0000000000,  325.84137e-09,
                       0.0000000000,   1.0000000000,  -0.0000000000,
                     -325.84137e-09,  -0.0000000000,  -1.0000000000
                  </Orientation>
               </HpDockPointC01>
               <HpDockPointC02>
                  <Position type="Vector">0.0052064303, 164.42427, -408.66122</Position>
                  <Orientation type="Matrix">
                      -1.0000000000,   0.0000000000,  325.84137e-09,
                       0.0000000000,   1.0000000000,  -0.0000000000,
                     -325.84137e-09,  -0.0000000000,  -1.0000000000
                  </Orientation>
               </HpDockPointC02>
               <HpLaunchCamA>
                  <Position type="Vector">-0.081416816, 4.8186498, -109.11074</Position>
                  <Orientation type="Matrix">
                       0.9999930300,   0.0037222570, -382.08696e-06,
                      -0.0013043188,   0.4424626800,   0.8967859700,
                       0.0035071271,  -0.8967792400,   0.4424644400
                  </Orientation>
               </HpLaunchCamA>
               <HpMount>
                  <Position type="Vector">0.0052317916, 0.18868341, -278.85638</Position>
                  <Orientation type="Matrix">
                       1.0000000000,  37.252917e-09, -4.9960053e-15,
                     -37.252917e-09,   1.0000000000, -134.11045e-09,
                      -0.0000000000,  134.11045e-09,   1.0000000000
                  </Orientation>
               </HpMount>
               <HpRunningLight28>
                  <Position type="Vector">-19.155926, 33.618713, -38.302769</Position>
                  <Orientation type="Matrix">
                      75.497901e-09,   0.0000000000,   1.0000000000,
                       0.0000000000,   1.0000000000,  -0.0000000000,
                      -1.0000000000,  -0.0000000000,  75.497901e-09
                  </Orientation>
               </HpRunningLight28>
               <HpRunningLight29>
                  <Position type="Vector">19.146425, 33.618713, -38.302765</Position>
                  <Orientation type="Matrix">
                      313.91647e-09,  37.421790e-15,  -1.0000000000,
                     -119.20939e-09,   1.0000000000,  -0.0000000000,
                       1.0000000000,  119.20939e-09,  313.91647e-09
                  </Orientation>
               </HpRunningLight29>
               <HpRunningLight30>
                  <Position type="Vector">19.146418, 33.618706, 28.279684</Position>
                  <Orientation type="Matrix">
                      313.91647e-09,  37.421783e-15,  -1.0000000000,
                     -119.20936e-09,   1.0000000000,  -0.0000000000,
                       1.0000000000,  119.20936e-09,  313.91647e-09
                  </Orientation>
               </HpRunningLight30>
               <HpRunningLight31>
                  <Position type="Vector">-19.155935, 33.618706, 28.27968</Position>
                  <Orientation type="Matrix">
                     -162.92068e-09,   0.0000000000,   1.0000000000,
                       0.0000000000,   1.0000000000,  -0.0000000000,
                      -1.0000000000,  -0.0000000000, -162.92068e-09
                  </Orientation>
               </HpRunningLight31>
            </Fixed>
            <Revolute>
               <HpTurret_L4_03>
                  <Position type="Vector">-15.53125, 30.080574, -8.397789</Position>
                  <Orientation type="Matrix">
                      194.70718e-09,   0.0000000000,   1.0000000000,
                       0.0000000000,   1.0000000000,  -0.0000000000,
                      -1.0000000000,  -0.0000000000,  194.70718e-09
                  </Orientation>
                  <Axis type="Vector">0, 1, -0</Axis>
                  <Min type="float">-1.3962699</Min>
                  <Max type="float">1.5707799</Max>
               </HpTurret_L4_03>
               <HpTurret_L4_04>
                  <Position type="Vector">15.738598, 30.080576, -8.3977842</Position>
                  <Orientation type="Matrix">
                      313.91647e-09,   0.0000000000,  -1.0000000000,
                       0.0000000000,   1.0000000000,  -0.0000000000,
                       1.0000000000,  -0.0000000000,  313.91647e-09
                  </Orientation>
                  <Axis type="Vector">0, 1, -0</Axis>
                  <Min type="float">-1.5707999</Min>
                  <Max type="float">1.39626</Max>
               </HpTurret_L4_04>
            </Revolute>
         </Hardpoints>
      </bm_li_dreadnought231209150206.3db>
      <Li_bottom_lod1231209150206.3db>
         <MultiLevel>
            <Switch2 type="float array" count="8">
               0,
               100,
               1000,
               10000,
               100000,
               0x00000001,
               0x0013E7AC,
               1000000
            </Switch2>
            <Level0>
               <VMeshPart>
                  <VMeshRef type="VMeshRef">
                     <!-- header size  --> 60,
                     <!-- vmesh lib    --> bm_li_dreadnought.lod0-112.vms,
                     <!-- start vert   --> 1859,
                     <!-- num verts    --> 233,
                     <!-- start index  --> 3099,
                     <!-- num indices  --> 456,
                     <!-- start mesh   --> 6,
                     <!-- num meshes   --> 3,
                     <!-- bounding box -->   23.47332,     9.875,       48.124844,
                                            -23.473516,   -9.8750038,  -48.125,
                     <!-- center       --> -100.15164e-6,  0.19564056,  -0.019349277,
                     <!-- radius       --> 49.107567
                  </VMeshRef>
               </VMeshPart>
            </Level0>
            <Level1>
               <VMeshPart>
                  <VMeshRef type="VMeshRef">
                     <!-- header size  --> 60,
                     <!-- vmesh lib    --> bm_li_dreadnought.lod1-112.vms,
                     <!-- start vert   --> 1109,
                     <!-- num verts    --> 233,
                     <!-- start index  --> 1632,
                     <!-- num indices  --> 456,
                     <!-- start mesh   --> 7,
                     <!-- num meshes   --> 3,
                     <!-- bounding box -->   23.47332,     9.875,       48.124844,
                                            -23.473516,   -9.8750038,  -48.125,
                     <!-- center       --> -100.15164e-6,  0.19564056,  -0.019349277,
                     <!-- radius       --> 49.107567
                  </VMeshRef>
               </VMeshPart>
            </Level1>
            <Level2>
               <VMeshPart>
                  <VMeshRef type="VMeshRef">
                     <!-- header size  --> 60,
                     <!-- vmesh lib    --> bm_li_dreadnought.lod2-112.vms,
                     <!-- start vert   --> 884,
                     <!-- num verts    --> 233,
                     <!-- start index  --> 1212,
                     <!-- num indices  --> 456,
                     <!-- start mesh   --> 7,
                     <!-- num meshes   --> 3,
                     <!-- bounding box -->   23.47332,     9.875,       48.124844,
                                            -23.473516,   -9.8750038,  -48.125,
                     <!-- center       --> -100.15164e-6,  0.19564056,  -0.019349277,
                     <!-- radius       --> 49.107567
                  </VMeshRef>
               </VMeshPart>
            </Level2>
            <Level3>
               <VMeshPart>
                  <VMeshRef type="VMeshRef">
                     <!-- header size  --> 60,
                     <!-- vmesh lib    --> bm_li_dreadnought.lod3-112.vms,
                     <!-- start vert   --> 382,
                     <!-- num verts    --> 41,
                     <!-- start index  --> 552,
                     <!-- num indices  --> 72,
                     <!-- start mesh   --> 5,
                     <!-- num meshes   --> 2,
                     <!-- bounding box -->   23.47332,     9.875,       48.124844,
                                            -23.473516,   -9.8750038,  -48.125,
                     <!-- center       --> -100.15164e-6,  0.19564056,  -0.019349277,
                     <!-- radius       --> 49.107567
                  </VMeshRef>
               </VMeshPart>
            </Level3>
            <Level4>
               <VMeshPart>
                  <VMeshRef type="VMeshRef">
                     <!-- header size  --> 60,
                     <!-- vmesh lib    --> bm_li_dreadnought.lod4-112.vms,
                     <!-- start vert   --> 92,
                     <!-- num verts    --> 20,
                     <!-- start index  --> 108,
                     <!-- num indices  --> 30,
                     <!-- start mesh   --> 2,
                     <!-- num meshes   --> 2,
                     <!-- bounding box -->   23.47332,     9.875,       48.124844,
                                            -23.473516,   -9.8750038,  -48.125,
                     <!-- center       --> -100.15164e-6,  0.19564056,  -0.019349277,
                     <!-- radius       --> 49.107567
                  </VMeshRef>
               </VMeshPart>
            </Level4>
            <Level5>
               <VMeshPart>
                  <VMeshRef type="VMeshRef">
                     <!-- header size  --> 60,
                     <!-- vmesh lib    --> bm_li_dreadnought.lod5-112.vms,
                     <!-- start vert   --> 92,
                     <!-- num verts    --> 21,
                     <!-- start index  --> 108,
                     <!-- num indices  --> 30,
                     <!-- start mesh   --> 2,
                     <!-- num meshes   --> 2,
                     <!-- bounding box -->   23.47332,     9.875,       48.124844,
                                            -23.473516,   -9.8750038,  -48.125,
                     <!-- center       --> -100.15164e-6,  0.19564056,  -0.019349277,
                     <!-- radius       --> 49.107567
                  </VMeshRef>
               </VMeshPart>
            </Level5>
            <Level6>
               <VMeshPart>
                  <VMeshRef type="VMeshRef">
                     <!-- header size  --> 60,
                     <!-- vmesh lib    --> bm_li_dreadnought.lod6-112.vms,
                     <!-- start vert   --> 24,
                     <!-- num verts    --> 12,
                     <!-- start index  --> 36,
                     <!-- num indices  --> 12,
                     <!-- start mesh   --> 2,
                     <!-- num meshes   --> 1,
                     <!-- bounding box -->   23.47332,      9.875,       48.124844,
                                            -23.473516,   -21.548447,   -48.125,
                     <!-- center       --> -100.15164e-6,   0.19564056,  -0.019349277,
                     <!-- radius       --> 49.107567
                  </VMeshRef>
               </VMeshPart>
            </Level6>
         </MultiLevel>
         <VMeshWire include="bm_li_dreadnought_cmp\Li_bottom_lod1.vwd.xml"/>
         <Hardpoints>
            <Fixed>
               <HpRunningLight13>
                  <Position type="Vector">538.04228e-6, -10.186527, 21.790899</Position>
                  <Orientation type="Matrix">
                      -1.0000000000, -74.505834e-09, -150.99580e-09,
                     -74.505820e-09,   1.0000000000, -74.505813e-09,
                      150.99579e-09, -74.505792e-09,  -1.0000000000
                  </Orientation>
               </HpRunningLight13>
               <HpRunningLight14>
                  <Position type="Vector">539.01831e-6, -10.176479, -21.892574</Position>
                  <Orientation type="Matrix">
                       1.0000000000,  11.205842e-09,  27.053300e-09,
                       0.0000000000,   0.9238795000,  -0.3826835200,
                     -29.282273e-09,   0.3826835200,   0.9238795000
                  </Orientation>
               </HpRunningLight14>
            </Fixed>
            <Revolute>
               <HpTurret_L1_01>
                  <Position type="Vector">538.45812e-6, -9.8289185, 1.8614707</Position>
                  <Orientation type="Matrix">
                      -1.0000000000,  87.422841e-09, -325.84137e-09,
