<?xml version="1.0" encoding="ISO-8859-1"?>
<!-- XML generated by UTFXML Version 2.2 built 19-Aug-2010 -->
<UTFXML filename="bm_li_fr.cmp" path="BMOD\SHIPS\MODELS\bm_li_fr">
   <UTF_ROOT>
      <VMeshLibrary>
         <bm_li_fr.lod0-112.vms include="bm_li_fr_cmp\lod0-112.vms.xml"/>
         <bm_li_fr.lod1-112.vms include="bm_li_fr_cmp\lod1-112.vms.xml"/>
         <bm_li_fr.lod2-112.vms include="bm_li_fr_cmp\lod2-112.vms.xml"/>
         <bm_li_fr.lod3-112.vms include="bm_li_fr_cmp\lod3-112.vms.xml"/>
         <bm_li_fr.lod4-112.vms include="bm_li_fr_cmp\lod4-112.vms.xml"/>
      </VMeshLibrary>
      <Animation include="bm_li_fr_cmp\Animation.xml"/>
      <Exporter_Version name="Exporter Version" type="text">MAXLancer Tools 0.98</Exporter_Version>
      <Cmpnd>
         <Cons>
            <Fix type="Fix" count="5">
               <part>
                  <!-- parent      --> "Root",
                  <!-- child       --> "Li_port_sidepanel_lod1",
                  <!-- position    --> -1.4373627, -114.06944e-9, -1.5672929e-6,
                  <!-- orientation -->   1.0000000000, -14.098421e-24, -211.75824e-24,
                                        14.098421e-24,   1.0000000000, -767.62361e-24,
                                        211.75824e-24,  767.62361e-24,   1.0000000000
               </part>
               <part>
                  <!-- parent      --> "Root",
                  <!-- child       --> "Li_starboard_sidepanel_lod1",
                  <!-- position    --> 1.4316804, -114.06942e-9, -1.8181127e-6,
                  <!-- orientation -->   1.0000000000, -14.098421e-24, -211.75824e-24,
                                        14.098421e-24,   1.0000000000, -767.62361e-24,
                                        211.75824e-24,  767.62361e-24,   1.0000000000
               </part>
               <part>
                  <!-- parent      --> "Root",
                  <!-- child       --> "Engine01_lod1",
                  <!-- position    --> 1.4822884e-6, 2.7591629, 16.802708,
                  <!-- orientation -->   1.0000000000, -14.098421e-24, -211.75824e-24,
                                        14.098421e-24,   1.0000000000, -767.62361e-24,
                                        211.75824e-24,  767.62361e-24,   1.0000000000
               </part>
               <part>
                  <!-- parent      --> "Root",
                  <!-- child       --> "Engine02_lod1",
                  <!-- position    --> 1.4822884e-6, 1.0411717, 16.802708,
                  <!-- orientation -->   1.0000000000, -14.098421e-24, -211.75824e-24,
                                        14.098421e-24,   1.0000000000, -767.62361e-24,
                                        211.75824e-24,  767.62361e-24,   1.0000000000
               </part>
               <part>
                  <!-- parent      --> "Root",
                  <!-- child       --> "glass_lod1",
                  <!-- position    --> 0, 0, -0,
                  <!-- orientation -->   1.0000000000,  832.93453e-24, -7.1054274e-15,
                                       -832.93453e-24,   1.0000000000, -767.62361e-24,
                                        7.1054274e-15,  767.62361e-24,   1.0000000000
               </part>
            </Fix>
            <Rev type="Rev" count="2">
               <part>
                  <!-- parent      --> "Root",
                  <!-- child       --> "BayDoor02_lod1",
                  <!-- position    --> 1.7679361, 4.5903015, -1.318608,
                  <!-- offset      --> 0, 0, -0,
                  <!-- orientation -->   1.0000000000, -14.098421e-24, -211.75824e-24,
                                        14.098421e-24,   1.0000000000, -767.62361e-24,
                                        211.75824e-24,  767.62361e-24,   1.0000000000,
                  <!-- axis        --> -174.84560e-09, -59.604634e-09,  -1.0000000000,
                  <!-- min, max    --> 0, 1.71805
               </part>
               <part>
                  <!-- parent      --> "Root",
                  <!-- child       --> "BayDoor01_lod1",
                  <!-- position    --> -1.7690719, 4.5903015, -1.3186078,
                  <!-- offset      --> 0, 0, -0,
                  <!-- orientation -->   1.0000000000, -14.098421e-24, -211.75824e-24,
                                        14.098421e-24,   1.0000000000, -767.62361e-24,
                                        211.75824e-24,  767.62361e-24,   1.0000000000,
                  <!-- axis        -->  174.84557e-09,  59.604645e-09,   1.0000000000,
                  <!-- min, max    --> 0, 1.83259
               </part>
            </Rev>
         </Cons>
         <Part_Li_port_sidepanel_lod1>
            <Object_name name="Object name" type="text">Li_port_sidepanel_lod1</Object_name>
            <Index type="int">0</Index>
            <File_name name="File name" type="text">Li_port_sidepanel_lod1240616170801.3db</File_name>
         </Part_Li_port_sidepanel_lod1>
         <Part_Li_starboard_sidepanel_lod1>
            <Object_name name="Object name" type="text">Li_starboard_sidepanel_lod1</Object_name>
            <Index type="int">0</Index>
            <File_name name="File name" type="text">Li_starboard_sidepanel_lod1240616170801.3db</File_name>
         </Part_Li_starboard_sidepanel_lod1>
         <Part_Engine01_lod1>
            <Object_name name="Object name" type="text">Engine01_lod1</Object_name>
            <Index type="int">0</Index>
            <File_name name="File name" type="text">Engine01_lod1240616170801.3db</File_name>
         </Part_Engine01_lod1>
         <Part_Engine02_lod1>
            <Object_name name="Object name" type="text">Engine02_lod1</Object_name>
            <Index type="int">0</Index>
            <File_name name="File name" type="text">Engine02_lod1240616170801.3db</File_name>
         </Part_Engine02_lod1>
         <Part_glass_lod1>
            <Object_name name="Object name" type="text">glass_lod1</Object_name>
            <Index type="int">0</Index>
            <File_name name="File name" type="text">glass_lod1240616170801.3db</File_name>
         </Part_glass_lod1>
         <Part_BayDoor02_lod1>
            <Object_name name="Object name" type="text">BayDoor02_lod1</Object_name>
            <Index type="int">0</Index>
            <File_name name="File name" type="text">BayDoor02_lod1240616170801.3db</File_name>
         </Part_BayDoor02_lod1>
         <Part_BayDoor01_lod1>
            <Object_name name="Object name" type="text">BayDoor01_lod1</Object_name>
            <Index type="int">0</Index>
            <File_name name="File name" type="text">BayDoor01_lod1240616170801.3db</File_name>
         </Part_BayDoor01_lod1>
         <Root>
            <Object_name name="Object name" type="text">Root</Object_name>
            <Index type="int">0</Index>
            <File_name name="File name" type="text">bm_li_fr240616170801.3db</File_name>
         </Root>
      </Cmpnd>
      <bm_li_fr240616170801.3db>
         <MultiLevel>
            <Switch2 type="float array" count="6">
               0,
               1000,
               1000,
               10000,
               100000,
               1000000
            </Switch2>
            <Level0>
               <VMeshPart>
                  <VMeshRef type="VMeshRef">
                     <!-- header size  --> 60,
                     <!-- vmesh lib    --> bm_li_fr.lod0-112.vms,
                     <!-- start vert   --> 0,
                     <!-- num verts    --> 4256,
                     <!-- start index  --> 0,
                     <!-- num indices  --> 4284,
                     <!-- start mesh   --> 0,
                     <!-- num meshes   --> 13,
                     <!-- bounding box -->  4.0833073,    6.9718328,  16.911827,
                                           -4.0321336,   -6.4483657, -17.667665,
                     <!-- center       -->  0.025028773,  1.7882067,  -1.3042421,
                     <!-- radius       --> 18.242485
                  </VMeshRef>
               </VMeshPart>
            </Level0>
            <Level1>
               <VMeshPart>
                  <VMeshRef type="VMeshRef">
                     <!-- header size  --> 60,
                     <!-- vmesh lib    --> bm_li_fr.lod1-112.vms,
                     <!-- start vert   --> 0,
                     <!-- num verts    --> 2475,
                     <!-- start index  --> 0,
                     <!-- num indices  --> 2550,
                     <!-- start mesh   --> 0,
                     <!-- num meshes   --> 12,
                     <!-- bounding box -->  4.0577168,     6.9802451,   16.928318,
                                           -4.0577197,    -6.3401952,  -17.651176,
                     <!-- center       --> -0.0033180974,  0.32869479,  -0.28703398,
                     <!-- radius       --> 17.368383
                  </VMeshRef>
               </VMeshPart>
            </Level1>
            <Level2>
               <VMeshPart>
                  <VMeshRef type="VMeshRef">
                     <!-- header size  --> 60,
                     <!-- vmesh lib    --> bm_li_fr.lod2-112.vms,
                     <!-- start vert   --> 0,
                     <!-- num verts    --> 911,
                     <!-- start index  --> 0,
                     <!-- num indices  --> 1020,
                     <!-- start mesh   --> 0,
                     <!-- num meshes   --> 7,
                     <!-- bounding box -->  4.0544963,     5.8329792,   17.025347,
                                           -4.0577197,    -6.3401952,  -17.651176,
                     <!-- center       --> -0.0033180974,  0.32869479,  -0.28703398,
                     <!-- radius       --> 17.377705
                  </VMeshRef>
               </VMeshPart>
            </Level2>
            <Level3>
               <VMeshPart>
                  <VMeshRef type="VMeshRef">
                     <!-- header size  --> 60,
                     <!-- vmesh lib    --> bm_li_fr.lod3-112.vms,
                     <!-- start vert   --> 0,
                     <!-- num verts    --> 467,
                     <!-- start index  --> 0,
                     <!-- num indices  --> 570,
                     <!-- start mesh   --> 0,
                     <!-- num meshes   --> 4,
                     <!-- bounding box -->  4.0544963,     5.8329792,   17.025347,
                                           -4.0577197,    -6.3401952,  -15.216464,
                     <!-- center       --> -0.0033180974,  0.32869479,  -0.28703398,
                     <!-- radius       --> 17.377705
                  </VMeshRef>
               </VMeshPart>
            </Level3>
            <Level4>
               <VMeshPart>
                  <VMeshRef type="VMeshRef">
                     <!-- header size  --> 60,
                     <!-- vmesh lib    --> bm_li_fr.lod4-112.vms,
                     <!-- start vert   --> 0,
                     <!-- num verts    --> 164,
                     <!-- start index  --> 0,
                     <!-- num indices  --> 216,
                     <!-- start mesh   --> 0,
                     <!-- num meshes   --> 1,
                     <!-- bounding box -->  4.0544963,     5.8329792,   16.874334,
                                           -4.0577197,    -6.3401952,  -15.216464,
                     <!-- center       --> -0.0033180974,  0.32869479,  -0.28703398,
                     <!-- radius       --> 17.208252
                  </VMeshRef>
               </VMeshPart>
            </Level4>
         </MultiLevel>
         <VMeshWire include="bm_li_fr_cmp\bm_li_fr.vwd.xml"/>
         <Hardpoints>
            <Fixed>
               <DpEngine01>
                  <Position type="Vector">-0.017575996, 2.7581549, 16.822241</Position>
                  <Orientation type="Matrix">
                       1.0000000000,   0.0000000000,  181.72177e-09,
                       0.0000000000,   1.0000000000,  -0.0000000000,
                     -181.72177e-09,  -0.0000000000,   1.0000000000
                  </Orientation>
               </DpEngine01>
               <DpEngine02>
                  <Position type="Vector">-0.017576041, 0.97075897, 16.477072</Position>
                  <Orientation type="Matrix">
                       1.0000000000,   0.0000000000,  181.72177e-09,
                       0.0000000000,   1.0000000000,  -0.0000000000,
                     -181.72177e-09,  -0.0000000000,   1.0000000000
                  </Orientation>
               </DpEngine02>
               <DpPortsidepanel>
                  <Position type="Vector">-2.6967955, -0.17631954, 1.2231586</Position>
                  <Orientation type="Matrix">
                     -162.92068e-09,  77.686636e-15,  -1.0000000000,
                      476.83716e-09,   1.0000000000,  -0.0000000000,
                       1.0000000000, -476.83716e-09, -162.92068e-09
                  </Orientation>
               </DpPortsidepanel>
               <DpStarboardsidepanel>
                  <Position type="Vector">2.712703, -0.17631954, 1.223158</Position>
                  <Orientation type="Matrix">
                     -43.711388e-09,  200.04423e-09,   1.0000000000,
                     -297.67992e-09,   1.0000000000, -200.04424e-09,
                      -1.0000000000, -297.67992e-09, -43.711328e-09
                  </Orientation>
               </DpStarboardsidepanel>
               <HpBayDoor01>
                  <Position type="Vector">-151.162e-9, 4.5866818, -1.4422935</Position>
                  <Orientation type="Matrix">
                       1.0000000000,  211.75814e-24,  -0.0000000000,
                     -211.75814e-24,   1.0000000000,  -0.0000000000,
                      -0.0000000000,  -0.0000000000,   1.0000000000
                  </Orientation>
               </HpBayDoor01>
               <HpBayDoor02>
                  <Position type="Vector">-151.16201e-9, 6.7547135, -1.4422935</Position>
                  <Orientation type="Matrix">
                       1.0000000000,  211.75814e-24,  -0.0000000000,
                     -211.75814e-24,   1.0000000000,  -0.0000000000,
                      -0.0000000000,  -0.0000000000,   1.0000000000
                  </Orientation>
               </HpBayDoor02>
               <HpCloak01>
                  <Position type="Vector">0.075727858, -8.3358369e-9, 0.13985217</Position>
                  <Orientation type="Matrix">
                      -1.0000000000,  150.99580e-09,  10.389484e-15,
                     -14.210855e-15, -162.92068e-09,   1.0000000000,
                      150.99580e-09,   1.0000000000,  162.92068e-09
                  </Orientation>
               </HpCloak01>
               <HpCM01>
                  <Position type="Vector">-1.9052236, 1.0727103, 9.6780663</Position>
                  <Orientation type="Matrix">
                     -162.92068e-09,  -1.0000000000,  92.096698e-09,
                       1.0000000000, -162.92068e-09,  7.5022284e-15,
                      7.5022284e-15,  92.096698e-09,   1.0000000000
                  </Orientation>
               </HpCM01>
               <HpCockpit>
                  <Position type="Vector">-1.0490728e-6, 3.6, -12</Position>
                  <Orientation type="Matrix">
                       1.0000000000, -477.81423e-12,  54.752398e-09,
                       0.0000000000,   0.9999619100,   0.0087264860,
                     -54.754484e-09,  -0.0087264860,   0.9999619100
                  </Orientation>
               </HpCockpit>
               <HpCockpitEx>
                  <Position type="Vector">7.2910611e-6, 12, 51.6</Position>
                  <Orientation type="Matrix">
                       1.0000000000, -477.81423e-12,  54.752398e-09,
                       0.0000000000,   0.9999619100,   0.0087264860,
                     -54.754484e-09,  -0.0087264860,   0.9999619100
                  </Orientation>
               </HpCockpitEx>
               <HpDocklight01>
                  <Position type="Vector">-2.608506, 5.9891009, 7.5839291</Position>
                  <Orientation type="Matrix">
                       1.0000000000,  15.855329e-15,  14.210852e-15,
                     -15.855329e-15,   1.0000000000,  -0.0000000000,
                     -14.210852e-15, -225.31772e-30,   1.0000000000
                  </Orientation>
               </HpDocklight01>
               <HpDocklight02>
                  <Position type="Vector">2.6333237, 5.989356, 7.583549</Position>
                  <Orientation type="Matrix">
                       1.0000000000,  15.855329e-15,  14.210852e-15,
                     -15.855329e-15,   1.0000000000,  -0.0000000000,
                     -14.210852e-15, -225.31772e-30,   1.0000000000
                  </Orientation>
               </HpDocklight02>
               <HpHeadlight>
                  <Position type="Vector">-1.8931331e-6, -0.18344902, -15.454024</Position>
                  <Orientation type="Matrix">
                       1.0000000000,  5.8599925e-09,  174.03750e-09,
                     -5.8599925e-09,   1.0000000000,  -0.0000000000,
                     -174.03750e-09, -1.0198584e-15,   1.0000000000
                  </Orientation>
               </HpHeadlight>
               <HpMine01>
                  <Position type="Vector">1.9039502, 1.0785884, 9.6753359</Position>
                  <Orientation type="Matrix">
                      313.91647e-09,   1.0000000000,  -0.0000000000,
                      -1.0000000000,  313.91647e-09,  -0.0000000000,
                      -0.0000000000,  -0.0000000000,   1.0000000000
                  </Orientation>
               </HpMine01>
               <HpMount>
                  <Position type="Vector">41.349523e-9, -6.8351593, 0.35471818</Position>
                  <Orientation type="Matrix">
                       1.0000000000,   0.0000000000,  -0.0000000000,
                       0.0000000000,   1.0000000000, -767.62361e-24,
                      -0.0000000000,  767.62361e-24,   1.0000000000
                  </Orientation>
               </HpMount>
               <HpPilot>
                  <Position type="Vector">0.0011795948, 3.0510337, -11.510676</Position>
                  <Orientation type="Matrix">
                       1.0000000000,   0.0000000000,  174.84552e-09,
                       0.0000000000,   1.0000000000,  -0.0000000000,
                     -174.84552e-09,  -0.0000000000,   1.0000000000
                  </Orientation>
               </HpPilot>
               <HpRadar01>
                  <Position type="Vector">-0.01174435, -6.341445, -4.4989595</Position>
                  <Orientation type="Matrix">
                      -1.0000000000, -120.37874e-15,  389.41437e-09,
                     -31.264813e-15,  -1.0000000000, -389.41437e-09,
                      389.41437e-09, -389.41437e-09,   1.0000000000
                  </Orientation>
               </HpRadar01>
               <HpRunningLight01>
                  <Position type="Vector">-2.3321568e-6, 0.62543672, -17.745127</Position>
                  <Orientation type="Matrix">
                       1.0000000000,  832.93453e-24,     0x800001C8,
                     -832.93453e-24,   1.0000000000, -767.62361e-24,
                      -0.0000000000,  767.62361e-24,   1.0000000000
                  </Orientation>
               </HpRunningLight01>
               <HpRunningLight02>
                  <Position type="Vector">-2.24323e-6, 1.1391776, -17.066986</Position>
                  <Orientation type="Matrix">
                       1.0000000000,  832.93453e-24,     0x800001C8,
                     -832.93453e-24,   1.0000000000, -767.62361e-24,
                      -0.0000000000,  767.62361e-24,   1.0000000000
                  </Orientation>
               </HpRunningLight02>
               <HpRunningLight03>
                  <Position type="Vector">-735.41815e-9, -6.3377824, -5.5687394</Position>
                  <Orientation type="Matrix">
                       1.0000000000,   0.0000000000,  -0.0000000000,
                       0.0000000000,   1.0000000000, -767.62361e-24,
                      -0.0000000000,  767.62361e-24,   1.0000000000
                  </Orientation>
               </HpRunningLight03>
               <HpRunningLight04>
                  <Position type="Vector">-1.6769269, -3.2005224, 8.6249275</Position>
                  <Orientation type="Matrix">
                       1.0000000000,  102.13105e-15, -262.26832e-09,
                       0.0000000000,  -1.0000000000, -389.41437e-09,
                     -262.26832e-09,  389.41437e-09,  -1.0000000000
                  </Orientation>
               </HpRunningLight04>
               <HpRunningLight05>
                  <Position type="Vector">1.6765438, -3.2005224, 8.6249275</Position>
                  <Orientation type="Matrix">
                       1.0000000000,  102.13105e-15, -262.26832e-09,
                       0.0000000000,  -1.0000000000, -389.41437e-09,
                     -262.26832e-09,  389.41437e-09,  -1.0000000000
                  </Orientation>
               </HpRunningLight05>
               <HpRunningLight06>
                  <Position type="Vector">0.58274215, 7.0677371, -10.777897</Position>
                  <Orientation type="Matrix">
                       1.0000000000,  15.855329e-15,  14.210852e-15,
                     -15.855329e-15,   1.0000000000,  -0.0000000000,
                     -14.210852e-15, -225.31772e-30,   1.0000000000
                  </Orientation>
               </HpRunningLight06>
               <HpRunningLight07>
                  <Position type="Vector">-0.61131972, 7.0674815, -10.777518</Position>
                  <Orientation type="Matrix">
                       1.0000000000,  15.855329e-15,  14.210852e-15,
                     -15.855329e-15,   1.0000000000,  -0.0000000000,
                     -14.210852e-15, -225.31772e-30,   1.0000000000
                  </Orientation>
               </HpRunningLight07>
               <HpShield01>
                  <Position type="Vector">0.002687433, 4.9429736, -11.485499</Position>
                  <Orientation type="Matrix">
                       1.0000000000,  5.3290688e-15,  7.1054274e-15,
                     -5.3290688e-15,   1.0000000000,  -0.0000000000,
                     -7.1054274e-15, -37.865311e-30,   1.0000000000
                  </Orientation>
               </HpShield01>
               <HpThruster01>
                  <Position type="Vector">-785.16442e-6, 4.1407084, 12.747226</Position>
                  <Orientation type="Matrix">
                       1.0000000000,  10.216841e-09,  116.77907e-09,
                       0.0000000000,   0.9961947200,  -0.0871557150,
                     -117.22514e-09,   0.0871557150,   0.9961947200
                  </Orientation>
               </HpThruster01>
               <HpTractor_Source>
                  <Position type="Vector">-1.8931331e-6, -0.18344902, -15.454024</Position>
                  <Orientation type="Matrix">
                       1.0000000000,  5.8599925e-09,  174.03750e-09,
                     -5.8599925e-09,   1.0000000000,  -0.0000000000,
                     -174.03750e-09, -1.0198584e-15,   1.0000000000
                  </Orientation>
               </HpTractor_Source>
            </Fixed>
            <Revolute>
               <HpTurret01>
                  <Position type="Vector">-786.07985e-6, 5.8307667, 5.7658477</Position>
                  <Orientation type="Matrix">
                       1.0000000000,   0.0000000000,  117.22511e-09,
                       0.0000000000,   1.0000000000,  -0.0000000000,
                     -117.22511e-09,  -0.0000000000,   1.0000000000
                  </Orientation>
                  <Axis type="Vector">0, 1, -0</Axis>
                  <Min type="float">-6.2831855</Min>
                  <Max type="float">6.2831855</Max>
               </HpTurret01>
               <HpTurret07>
                  <Position type="Vector">-5.6206918e-6, -2.1625268, -11.358089</Position>
                  <Orientation type="Matrix">
                      -1.0000000000,  389.41448e-09, -389.41423e-09,
                     -389.41434e-09,  -1.0000000000, -389.41437e-09,
                     -389.41437e-09, -389.41423e-09,   1.0000000000
                  </Orientation>
                  <Axis type="Vector">0, 1, -0</Axis>
                  <Min type="float">-6.2831855</Min>
                  <Max type="float">6.2831855</Max>
               </HpTurret07>
               <HpWeapon01>
                  <Position type="Vector">-2.3687751, 2.5848734, -10.758394</Position>
                  <Orientation type="Matrix">
                       1.0000000000,   0.0000000000,  121.08451e-09,
                       0.0000000000,   1.0000000000,  -0.0000000000,
                     -121.08451e-09,  -0.0000000000,   1.0000000000
                  </Orientation>
                  <Axis type="Vector">0, 1, -0</Axis>
                  <Min type="float">-0.08727</Min>
                  <Max type="float">0.78538001</Max>
               </HpWeapon01>
               <HpWeapon02>
                  <Position type="Vector">2.3580353, 2.5848734, -10.758399</Position>
                  <Orientation type="Matrix">
                       1.0000000000, -58.361126e-15,  122.39215e-09,
                       0.0000000000,   1.0000000000,  476.83716e-09,
                     -122.39215e-09, -476.83716e-09,   1.0000000000
                  </Orientation>
                  <Axis type="Vector">0, 1, -0</Axis>
                  <Min type="float">-0.7854</Min>
                  <Max type="float">0.08726</Max>
               </HpWeapon02>
               <HpTurret04>
                  <Position type="Vector">-786.07985e-6, 4.7987638, -7.6618328</Position>
                  <Orientation type="Matrix">
                       1.0000000000, -476.83716e-09,  185.68721e-15,
                      476.83716e-09,   1.0000000000, -389.41431e-09,
                      -0.0000000000,  389.41431e-09,   1.0000000000
                  </Orientation>
                  <Axis type="Vector">0, 0, 1</Axis>
                  <Min type="float">-6.2831855</Min>
                  <Max type="float">6.2831855</Max>
               </HpTurret04>
               <HpTurret05>
                  <Position type="Vector">-786.07985e-6, 4.1027637, 13.253851</Position>
                  <Orientation type="Matrix">
                       1.0000000000,  29.802326e-09, -5.1070259e-15,
                     -29.649760e-09,   0.9948807400,  -0.1010561600,
                     -3.0117033e-09,   0.1010561600,   0.9948807400
                  </Orientation>
                  <Axis type="Vector">0, 0, 1</Axis>
                  <Min type="float">-6.2831855</Min>
                  <Max type="float">6.2831855</Max>
               </HpTurret05>
               <HpTurret06>
                  <Position type="Vector">-786.07985e-6, 4.9427676, -11.261832</Position>
                  <Orientation type="Matrix">
                       1.0000000000,  389.41428e-09,  389.41428e-09,
                     -389.41428e-09,   1.0000000000,  -0.0000000000,
                     -389.41428e-09, -151.64348e-15,   1.0000000000
                  </Orientation>
                  <Axis type="Vector">0, 0, 1</Axis>
                  <Min type="float">-6.2831855</Min>
                  <Max type="float">6.2831855</Max>
               </HpTurret06>
               <HpTurret08>
                  <Position type="Vector">-2.4, 0.816, -11.4</Position>
                  <Orientation type="Matrix">
                       1.0000000000, -476.83716e-09, -75.730261e-15,
                      476.83716e-09,   1.0000000000,  476.83716e-09,
                     -151.64341e-15, -476.83716e-09,   1.0000000000
                  </Orientation>
                  <Axis type="Vector">0, 0, 1</Axis>
                  <Min type="float">-0.34906581</Min>
                  <Max type="float">0.17453291</Max>
               </HpTurret08>
               <HpWeapon03>
                  <Position type="Vector">0.64799976, -0.05999805, -13.42246</Position>
                  <Orientation type="Matrix">
                       1.0000000000,  28.127291e-09, -476.83716e-09,
                     -28.127291e-09,   1.0000000000,  -0.0000000000,
                      476.83716e-09,  13.412137e-15,   1.0000000000
                  </Orientation>
                  <Axis type="Vector">0, 0, 1</Axis>
                  <Min type="float">-0.7854</Min>
                  <Max type="float">0.08726</Max>
               </HpWeapon03>
               <HpWeapon04>
                  <Position type="Vector">0.648, 0.22800197, -13.42246</Position>
                  <Orientation type="Matrix">
                       1.0000000000,   0.0000000000,  -0.0000000000,
                       0.0000000000,   1.0000000000, -243.51155e-09,
                      -0.0000000000,  243.51155e-09,   1.0000000000
                  </Orientation>
                  <Axis type="Vector">0, 0, 1</Axis>
                  <Min type="float">-0.7854</Min>
                  <Max type="float">0.087259986</Max>
               </HpWeapon04>
               <HpTurret09>
                  <Position type="Vector">2.4, 0.816, -11.4</Position>
                  <Orientation type="Matrix">
                       1.0000000000,   0.0000000000,  389.41420e-09,
                       0.0000000000,   1.0000000000,  -0.0000000000,
                     -389.41420e-09,  -0.0000000000,   1.0000000000
                  </Orientation>
                  <Axis type="Vector">0, 0, 1</Axis>
                  <Min type="float">-0.34906578</Min>
                  <Max type="float">0.17453289</Max>
               </HpTurret09>
            </Revolute>
         </Hardpoints>
      </bm_li_fr240616170801.3db>
      <Li_port_sidepanel_lod1240616170801.3db>
         <MultiLevel>
            <Switch2 type="float array" count="6">
               0,
               1000,
               1000,
               10000,
               100000,
               1000000
            </Switch2>
            <Level0>
               <VMeshPart>
                  <VMeshRef type="VMeshRef">
                     <!-- header size  --> 60,
                     <!-- vmesh lib    --> bm_li_fr.lod0-112.vms,
                     <!-- start vert   --> 4256,
                     <!-- num verts    --> 72,
                     <!-- start index  --> 4284,
                     <!-- num indices  --> 72,
                     <!-- start mesh   --> 13,
                     <!-- num meshes   --> 2,
                     <!-- bounding box --> -0.92163706,  3.178277,    6.830915,
                                           -3.9053292,  -2.3910284,  -4.8350463,
                     <!-- center       --> -2.5856185,   0.15275037,  0.84505367,
                     <!-- radius       --> 6.7134328
                  </VMeshRef>
               </VMeshPart>
            </Level0>
            <Level1>
               <VMeshPart>
                  <VMeshRef type="VMeshRef">
                     <!-- header size  --> 60,
                     <!-- vmesh lib    --> bm_li_fr.lod1-112.vms,
                     <!-- start vert   --> 2475,
                     <!-- num verts    --> 96,
                     <!-- start index  --> 2550,
                     <!-- num indices  --> 96,
                     <!-- start mesh   --> 12,
                     <!-- num meshes   --> 3,
                     <!-- bounding box --> -0.94722414,  2.6628819,   6.8474112,
                                           -3.9309192,  -1.394843,   -4.8185482,
                     <!-- center       --> -2.3253741,   0.53041792,  1.0506141,
                     <!-- radius       --> 6.3287435
                  </VMeshRef>
               </VMeshPart>
            </Level1>
            <Level2>
               <VMeshPart>
                  <VMeshRef type="VMeshRef">
                     <!-- header size  --> 60,
                     <!-- vmesh lib    --> bm_li_fr.lod2-112.vms,
                     <!-- start vert   --> 911,
                     <!-- num verts    --> 54,
                     <!-- start index  --> 1020,
                     <!-- num indices  --> 54,
                     <!-- start mesh   --> 7,
                     <!-- num meshes   --> 2,
                     <!-- bounding box --> -0.94722414,  2.6628819,   6.8474112,
                                           -3.9309192,  -1.394843,   -4.8185482,
                     <!-- center       --> -2.3253741,   0.53041792,  1.0506141,
                     <!-- radius       --> 6.3287435
                  </VMeshRef>
               </VMeshPart>
            </Level2>
            <Level3>
               <VMeshPart>
                  <VMeshRef type="VMeshRef">
                     <!-- header size  --> 60,
                     <!-- vmesh lib    --> bm_li_fr.lod3-112.vms,
                     <!-- start vert   --> 467,
                     <!-- num verts    --> 36,
                     <!-- start index  --> 570,
                     <!-- num indices  --> 36,
                     <!-- start mesh   --> 4,
                     <!-- num meshes   --> 2,
                     <!-- bounding box --> -0.94722414,  2.6628819,   6.8474112,
                                           -3.9309192,  -1.394843,   -4.8185482,
                     <!-- center       --> -2.3253741,   0.53041792,  1.0506141,
                     <!-- radius       --> 6.3287435
                  </VMeshRef>
               </VMeshPart>
            </Level3>
            <Level4>
               <VMeshPart>
                  <VMeshRef type="VMeshRef">
                     <!-- header size  --> 60,
                     <!-- vmesh lib    --> bm_li_fr.lod4-112.vms,
                     <!-- start vert   --> 164,
                     <!-- num verts    --> 12,
                     <!-- start index  --> 216,
                     <!-- num indices  --> 12,
                     <!-- start mesh   --> 1,
                     <!-- num meshes   --> 2,
                     <!-- bounding box --> -0.94722414,  2.6628819,   6.8474112,
                                           -3.9309192,  -1.3948431,  -4.8185477,
                     <!-- center       --> -2.3253741,   0.53041792,  1.0506141,
                     <!-- radius       --> 6.328743
                  </VMeshRef>
               </VMeshPart>
            </Level4>
         </MultiLevel>
         <VMeshWire include="bm_li_fr_cmp\Li_port_sidepanel_lod1.vwd.xml"/>
         <Hardpoints>
            <Fixed>
               <HpContrail01>
                  <Position type="Vector">-3.9311047, -1.122627, 2.596498</Position>
                  <Orientation type="Matrix">
                       1.0000000000,  27.381246e-09,  132.32376e-09,
                     -27.381246e-09,   1.0000000000, -2.3687328e-09,
                     -132.32376e-09,  2.3687292e-09,   1.0000000000
                  </Orientation>
               </HpContrail01>
            </Fixed>
            <Revolute>
               <HpTurret02>
                  <Position type="Vector">-3.9281111, -0.6503973, 0.95338851</Position>
                  <Orientation type="Matrix">
                     -162.92068e-09,  -1.0000000000,  124.57255e-09,
                       1.0000000000, -162.92068e-09,  10.147722e-15,
                      10.147722e-15,  124.57255e-09,   1.0000000000
                  </Orientation>
                  <Axis type="Vector">0, 1, -0</Axis>
                  <Min type="float">-6.2831855</Min>
                  <Max type="float">6.2831855</Max>
               </HpTurret02>
            </Revolute>
         </Hardpoints>
      </Li_port_sidepanel_lod1240616170801.3db>
      <Li_starboard_sidepanel_lod1240616170801.3db>
         <MultiLevel>
            <Switch2 type="float array" count="6">
               0,
               1000,
               1000,
               10000,
               100000,
               1000000
            </Switch2>
            <Level0>
               <VMeshPart>
                  <VMeshRef type="VMeshRef">
                     <!-- header size  --> 60,
                     <!-- vmesh lib    --> bm_li_fr.lod0-112.vms,
                     <!-- start vert   --> 4328,
                     <!-- num verts    --> 72,
                     <!-- start index  --> 4356,
                     <!-- num indices  --> 72,
                     <!-- start mesh   --> 15,
                     <!-- num meshes   --> 2,
                     <!-- bounding box --> 3.9110119,   3.178277,    6.8309155,
                                           0.92731977, -2.3910284,  -4.8350458,
                     <!-- center       --> 2.5913022,   0.15275037,  0.84505558,
                     <!-- radius       --> 6.7134314
                  </VMeshRef>
               </VMeshPart>
            </Level0>
            <Level1>
               <VMeshPart>
                  <VMeshRef type="VMeshRef">
                     <!-- header size  --> 60,
                     <!-- vmesh lib    --> bm_li_fr.lod1-112.vms,
                     <!-- start vert   --> 2571,
                     <!-- num verts    --> 96,
                     <!-- start index  --> 2646,
                     <!-- num indices  --> 96,
                     <!-- start mesh   --> 15,
                     <!-- num meshes   --> 3,
                     <!-- bounding box --> 3.9309189,   2.6628819,   6.8474112,
                                           0.94722414, -1.394843,   -4.8185487,
                     <!-- center       --> 2.3253741,   0.53041792,  1.0506141,
                     <!-- radius       --> 6.3287435
                  </VMeshRef>
               </VMeshPart>
            </Level1>
            <Level2>
               <VMeshPart>
                  <VMeshRef type="VMeshRef">
                     <!-- header size  --> 60,
                     <!-- vmesh lib    --> bm_li_fr.lod2-112.vms,
                     <!-- start vert   --> 965,
                     <!-- num verts    --> 54,
                     <!-- start index  --> 1074,
                     <!-- num indices  --> 54,
                     <!-- start mesh   --> 9,
                     <!-- num meshes   --> 2,
                     <!-- bounding box --> 3.9309189,   2.6628819,   6.8474112,
                                           0.94722414, -1.394843,   -4.8185487,
                     <!-- center       --> 2.3253741,   0.53041792,  1.0506141,
                     <!-- radius       --> 6.3287435
                  </VMeshRef>
               </VMeshPart>
            </Level2>
            <Level3>
               <VMeshPart>
                  <VMeshRef type="VMeshRef">
                     <!-- header size  --> 60,
                     <!-- vmesh lib    --> bm_li_fr.lod3-112.vms,
                     <!-- start vert   --> 503,
                     <!-- num verts    --> 36,
                     <!-- start index  --> 606,
                     <!-- num indices  --> 36,
                     <!-- start mesh   --> 6,
                     <!-- num meshes   --> 2,
                     <!-- bounding box --> 3.9309189,   2.6628819,   6.8474112,
                                           0.94722414, -1.394843,   -4.8185487,
                     <!-- center       --> 2.3253741,   0.53041792,  1.0506141,
                     <!-- radius       --> 6.3287435
                  </VMeshRef>
               </VMeshPart>
            </Level3>
            <Level4>
               <VMeshPart>
                  <VMeshRef type="VMeshRef">
                     <!-- header size  --> 60,
                     <!-- vmesh lib    --> bm_li_fr.lod4-112.vms,
                     <!-- start vert   --> 176,
                     <!-- num verts    --> 12,
                     <!-- start index  --> 228,
                     <!-- num indices  --> 12,
