<?xml version="1.0" encoding="ISO-8859-1"?>
<!-- XML generated by UTFXML Version 2.2 built 19-Aug-2010 -->
<UTFXML filename="bm_li_hf.cmp" path="BMOD\SHIPS\MODELS\bm_li_hf">
   <UTF_ROOT>
      <VMeshLibrary>
         <bm_li_hf.lod0-112.vms include="bm_li_hf_cmp\lod0-112.vms.xml"/>
         <bm_li_hf.lod1-112.vms include="bm_li_hf_cmp\lod1-112.vms.xml"/>
         <bm_li_hf.lod2-112.vms include="bm_li_hf_cmp\lod2-112.vms.xml"/>
      </VMeshLibrary>
      <Animation include="bm_li_hf_cmp\Animation.xml"/>
      <Exporter_Version name="Exporter Version" type="text">MAXLancer Tools 0.97</Exporter_Version>
      <Cmpnd>
         <Cons>
            <Fix type="Fix" count="6">
               <part>
                  <!-- parent      --> "Root",
                  <!-- child       --> "Li_Engine02_lod1",
                  <!-- position    --> 0.001955664, -1.5868733, 7.2217412,
                  <!-- orientation -->   1.0000000000,  959.82153e-24, -4.0895809e-21,
                                       -959.82133e-24,   1.0000000000,  59.604588e-09,
                                        4.0895809e-21, -59.604588e-09,   1.0000000000
               </part>
               <part>
                  <!-- parent      --> "Root",
                  <!-- child       --> "Li_Spoiler_lod1",
                  <!-- position    --> 48.820079e-6, 1.6779987, 7.2853141,
                  <!-- orientation -->   1.0000000000,  3.3317373e-21,  7.1054231e-15,
                                       -3.7552538e-21,   1.0000000000,  59.604673e-09,
                                       -7.1054231e-15, -59.604673e-09,   1.0000000000
               </part>
               <part>
                  <!-- parent      --> "Root",
                  <!-- child       --> "Li_Engine01_lod1",
                  <!-- position    --> -712.84529e-9, 0.36799759, 8.1543159,
                  <!-- orientation -->   1.0000000000,  3.3317373e-21,  7.1054231e-15,
                                       -3.7552538e-21,   1.0000000000,  59.604673e-09,
                                       -7.1054231e-15, -59.604673e-09,   1.0000000000
               </part>
               <part>
                  <!-- parent      --> "Root",
                  <!-- child       --> "Li_glass_lod1",
                  <!-- position    --> 48.819958e-6, -476.83713e-9, -1.339324e-9,
                  <!-- orientation -->   1.0000000000,  3.3317373e-21,  7.1054231e-15,
                                       -3.7552538e-21,   1.0000000000,  59.604673e-09,
                                       -7.1054231e-15, -59.604673e-09,   1.0000000000
               </part>
               <part>
                  <!-- parent      --> "Root",
                  <!-- child       --> "Li_port_wing_lod1",
                  <!-- position    --> -1.662, -0.82299972, 314.79614e-6,
                  <!-- orientation -->   0.8530978000,  -0.3838620500,  -0.3533752300,
                                         0.3548651600,   0.9233902700,  -0.1463594400,
                                         0.3824850900, -541.63858e-06,   0.9239615200
               </part>
               <part>
                  <!-- parent      --> "Root",
                  <!-- child       --> "Li_star_wing_lod1",
                  <!-- position    --> 1.746, -0.82299954, 314.78298e-6,
                  <!-- orientation -->   0.8535502000,   0.3826851200,   0.3535593200,
                                        -0.3535562800,   0.9238788500,  -0.1464440800,
                                        -0.3826879600, -5.7395341e-06,   0.9238776600
               </part>
            </Fix>
            <Rev type="Rev" count="2">
               <part>
                  <!-- parent      --> "Root",
                  <!-- child       --> "baydoor02_lod1",
                  <!-- position    --> 0.67692751, 1.7349529, 1.9699554,
                  <!-- offset      --> 0, 0, 0,
                  <!-- orientation -->   1.0000000000,  423.51647e-24, -3.4146016e-21,
                                       -423.51647e-24,   1.0000000000, -1.2705494e-21,
                                        3.4146016e-21,  1.2705494e-21,   1.0000000000,
                  <!-- axis        -->  3.4146020e-21,  1.2705495e-21,  -1.0000000000,
                  <!-- min, max    --> 0, 1.91986
               </part>
               <part>
                  <!-- parent      --> "Root",
                  <!-- child       --> "baydoor01_lod1",
                  <!-- position    --> -0.6583029, 1.7349528, 1.9699548,
                  <!-- offset      --> 0, 0, 0,
                  <!-- orientation -->   1.0000000000,  423.51647e-24, -3.4146016e-21,
                                       -423.51647e-24,   1.0000000000, -1.2705494e-21,
                                        3.4146016e-21,  1.2705494e-21,   1.0000000000,
                  <!-- axis        --> -3.4146016e-21, -1.2705494e-21,   1.0000000000,
                  <!-- min, max    --> 0, 2.0071199
               </part>
            </Rev>
         </Cons>
         <Part_Li_Engine02_lod1>
            <Object_name name="Object name" type="text">Li_Engine02_lod1</Object_name>
            <Index type="int">0</Index>
            <File_name name="File name" type="text">Li_Engine02_lod1231209151729.3db</File_name>
         </Part_Li_Engine02_lod1>
         <Part_Li_Spoiler_lod1>
            <Object_name name="Object name" type="text">Li_Spoiler_lod1</Object_name>
            <Index type="int">0</Index>
            <File_name name="File name" type="text">Li_Spoiler_lod1231209151729.3db</File_name>
         </Part_Li_Spoiler_lod1>
         <Part_Li_Engine01_lod1>
            <Object_name name="Object name" type="text">Li_Engine01_lod1</Object_name>
            <Index type="int">0</Index>
            <File_name name="File name" type="text">Li_Engine01_lod1231209151729.3db</File_name>
         </Part_Li_Engine01_lod1>
         <Part_Li_glass_lod1>
            <Object_name name="Object name" type="text">Li_glass_lod1</Object_name>
            <Index type="int">0</Index>
            <File_name name="File name" type="text">Li_glass_lod1231209151729.3db</File_name>
         </Part_Li_glass_lod1>
         <Part_Li_port_wing_lod1>
            <Object_name name="Object name" type="text">Li_port_wing_lod1</Object_name>
            <Index type="int">0</Index>
            <File_name name="File name" type="text">Li_port_wing_lod1231209151729.3db</File_name>
         </Part_Li_port_wing_lod1>
         <Part_Li_star_wing_lod1>
            <Object_name name="Object name" type="text">Li_star_wing_lod1</Object_name>
            <Index type="int">0</Index>
            <File_name name="File name" type="text">Li_star_wing_lod1231209151729.3db</File_name>
         </Part_Li_star_wing_lod1>
         <Part_baydoor02_lod1>
            <Object_name name="Object name" type="text">baydoor02_lod1</Object_name>
            <Index type="int">0</Index>
            <File_name name="File name" type="text">baydoor02_lod1231209151729.3db</File_name>
         </Part_baydoor02_lod1>
         <Part_baydoor01_lod1>
            <Object_name name="Object name" type="text">baydoor01_lod1</Object_name>
            <Index type="int">0</Index>
            <File_name name="File name" type="text">baydoor01_lod1231209151729.3db</File_name>
         </Part_baydoor01_lod1>
         <Root>
            <Object_name name="Object name" type="text">Root</Object_name>
            <Index type="int">0</Index>
            <File_name name="File name" type="text">bm_li_hf231209151729.3db</File_name>
         </Root>
      </Cmpnd>
      <bm_li_hf231209151729.3db>
         <MultiLevel>
            <Switch2 type="float array" count="4">
               0,
               100,
               1000,
               1000000
            </Switch2>
            <Level0>
               <VMeshPart>
                  <VMeshRef type="VMeshRef">
                     <!-- header size  --> 60,
                     <!-- vmesh lib    --> bm_li_hf.lod0-112.vms,
                     <!-- start vert   --> 0,
                     <!-- num verts    --> 1680,
                     <!-- start index  --> 0,
                     <!-- num indices  --> 2592,
                     <!-- start mesh   --> 0,
                     <!-- num meshes   --> 6,
                     <!-- bounding box -->  2.848242,      2.3111863,   8.3669348,
                                           -2.8157184,    -1.9121531,  -6.3158879,
                     <!-- center       -->  0.0098430673,  0.22237246,  1.1134086,
                     <!-- radius       --> 7.4597697
                  </VMeshRef>
               </VMeshPart>
            </Level0>
            <Level1>
               <VMeshPart>
                  <VMeshRef type="VMeshRef">
                     <!-- header size  --> 60,
                     <!-- vmesh lib    --> bm_li_hf.lod1-112.vms,
                     <!-- start vert   --> 0,
                     <!-- num verts    --> 753,
                     <!-- start index  --> 0,
                     <!-- num indices  --> 1422,
                     <!-- start mesh   --> 0,
                     <!-- num meshes   --> 1,
                     <!-- bounding box -->  2.7781868,     2.3111868,   8.3666191,
                                           -2.8577187,    -1.9051572,  -6.2128401,
                     <!-- center       -->  0.0098430673,  0.22237246,  1.1134086,
                     <!-- radius       --> 7.4615445
                  </VMeshRef>
               </VMeshPart>
            </Level1>
            <Level2>
               <VMeshPart>
                  <VMeshRef type="VMeshRef">
                     <!-- header size  --> 60,
                     <!-- vmesh lib    --> bm_li_hf.lod2-112.vms,
                     <!-- start vert   --> 0,
                     <!-- num verts    --> 222,
                     <!-- start index  --> 0,
                     <!-- num indices  --> 423,
                     <!-- start mesh   --> 0,
                     <!-- num meshes   --> 1,
                     <!-- bounding box -->  2.778187,      2.3258991,   7.7478495,
                                           -2.8532162,    -1.9051565,  -6.0360613,
                     <!-- center       -->  0.0098430673,  0.22237246,  1.1134086,
                     <!-- radius       --> 7.2053432
                  </VMeshRef>
               </VMeshPart>
            </Level2>
         </MultiLevel>
         <VMeshWire include="bm_li_hf_cmp\bm_li_hf.vwd.xml"/>
         <Hardpoints>
            <Fixed>
               <DpEngine01>
                  <Position type="Vector">726.99558e-6, 0.28400785, 7.7394342</Position>
                  <Orientation type="Matrix">
                       1.0000000000,   0.0000000000,  107.79035e-09,
                       0.0000000000,   1.0000000000,   0.0000000000,
                     -107.79035e-09,   0.0000000000,   1.0000000000
                  </Orientation>
               </DpEngine01>
               <DpEngine02>
                  <Position type="Vector">726.86881e-6, -1.6259828, 6.1637249</Position>
                  <Orientation type="Matrix">
                       1.0000000000,   0.0000000000,  107.79035e-09,
                       0.0000000000,   1.0000000000,   0.0000000000,
                     -107.79035e-09,   0.0000000000,   1.0000000000
                  </Orientation>
               </DpEngine02>
               <DpPortwing>
                  <Position type="Vector">-2.5252621, -1.3759357, 3.5655456</Position>
                  <Orientation type="Matrix">
                     -162.92068e-09,  -0.3987489300,  -0.9170601400,
                     -74.505806e-09,   0.9170601400,  -0.3987489300,
                       1.0000000000,  3.3618548e-09, -179.11718e-09
                  </Orientation>
               </DpPortwing>
               <DpSpoiler>
                  <Position type="Vector">727.01479e-6, 1.891524, 7.3065891</Position>
                  <Orientation type="Matrix">
                       1.0000000000,  40.453477e-15,  151.50178e-09,
                     -151.50178e-09,  313.91647e-09,   1.0000000000,
                     -7.1054274e-15,  -1.0000000000,  313.91647e-09
                  </Orientation>
               </DpSpoiler>
               <DpStarboardwing>
                  <Position type="Vector">2.530103, -1.3759357, 3.5655456</Position>
                  <Orientation type="Matrix">
                     -282.12997e-09,   0.3987493500,   0.9170599600,
                     -14.901161e-09,   0.9170599600,  -0.3987493500,
                      -1.0000000000, -126.16441e-09, -252.78825e-09
                  </Orientation>
               </DpStarboardwing>
               <HpBayDoor01>
                  <Position type="Vector">0.0061683999, 1.7410384, 1.8631465</Position>
                  <Orientation type="Matrix">
                       1.0000000000,  423.51647e-24,     0x80000180,
                     -423.51647e-24,   1.0000000000, -1.2705494e-21,
                       0.0000000000,  1.2705494e-21,   1.0000000000
                  </Orientation>
               </HpBayDoor01>
               <HpBayDoor02>
                  <Position type="Vector">0.0061683999, 3.3219595, 1.8631469</Position>
                  <Orientation type="Matrix">
                       1.0000000000,  423.51647e-24,     0x80000180,
                     -423.51647e-24,   1.0000000000, -1.2705494e-21,
                       0.0000000000,  1.2705494e-21,   1.0000000000
                  </Orientation>
               </HpBayDoor02>
               <HpCloak01>
                  <Position type="Vector">0.041999888, -389.88907e-9, 1.3082504</Position>
                  <Orientation type="Matrix">
                      -1.0000000000, -150.99580e-09, -24.600339e-15,
                       0.0000000000, -162.92068e-09,   1.0000000000,
                     -150.99580e-09,   1.0000000000,  162.92068e-09
                  </Orientation>
               </HpCloak01>
               <HpCockpit>
                  <Position type="Vector">48.879825e-6, 159.60697e-9, -5.5000014</Position>
                  <Orientation type="Matrix">
                       1.0000000000,   0.0000000000,   0.0000000000,
                       0.0000000000,   1.0000000000,   0.0000000000,
                       0.0000000000,   0.0000000000,   1.0000000000
                  </Orientation>
               </HpCockpit>
               <HpCockpitEx>
                  <Position type="Vector">47.130074e-6, 6.9999886, 34.5</Position>
                  <Orientation type="Matrix">
                       1.0000000000,   0.0000000000,   0.0000000000,
                       0.0000000000,   1.0000000000,   0.0000000000,
                       0.0000000000,   0.0000000000,   1.0000000000
                  </Orientation>
               </HpCockpitEx>
               <HpHeadlight>
                  <Position type="Vector">49.168735e-6, -0.47496101, -6.5462866</Position>
                  <Orientation type="Matrix">
                       1.0000000000,  1.6993035e-15,  7.1054231e-15,
                     -1.6993035e-15,   1.0000000000,   0.0000000000,
                     -7.1054231e-15, -12.074270e-30,   1.0000000000
                  </Orientation>
               </HpHeadlight>
               <HpMount>
                  <Position type="Vector">48.744751e-6, -4.5612884, 1.7124892</Position>
                  <Orientation type="Matrix">
                       1.0000000000,   0.0000000000,   0.0000000000,
                       0.0000000000,   1.0000000000, -59.604645e-09,
                       0.0000000000,  59.604645e-09,   1.0000000000
                  </Orientation>
               </HpMount>
               <HpPilot>
                  <Position type="Vector">49.019283e-6, -0.22524309, -4.1549859</Position>
                  <Orientation type="Matrix">
                       1.0000000000,  1.6639101e-15,  7.1054231e-15,
                     -1.6639101e-15,   1.0000000000,   0.0000000000,
                     -7.1054231e-15, -11.822786e-30,   1.0000000000
                  </Orientation>
               </HpPilot>
               <HpRadar01>
                  <Position type="Vector">48.528815e-6, 1.2796861, -0.59005255</Position>
                  <Orientation type="Matrix">
                       1.0000000000,  473.65320e-18,   0.0000000000,
                     -473.65320e-18,   1.0000000000,   0.0000000000,
                       0.0000000000,   0.0000000000,   1.0000000000
                  </Orientation>
               </HpRadar01>
               <HpRunningLight01>
                  <Position type="Vector">0.76769108, 1.7506907, -2.0913219</Position>
                  <Orientation type="Matrix">
                       1.0000000000,   0.0000000000,   0.0000000000,
                       0.0000000000,   0.9238795000,  -0.3826835500,
                       0.0000000000,   0.3826835500,   0.9238795000
                  </Orientation>
               </HpRunningLight01>
               <HpRunningLight02>
                  <Position type="Vector">-0.77236521, 1.7506907, -2.0913217</Position>
                  <Orientation type="Matrix">
                       1.0000000000,   0.0000000000,   0.0000000000,
                       0.0000000000,   0.9238795000,  -0.3826835500,
                       0.0000000000,   0.3826835500,   0.9238795000
                  </Orientation>
               </HpRunningLight02>
               <HpShield01>
                  <Position type="Vector">0.0050644758, 2.3088059, 4.6918807</Position>
                  <Orientation type="Matrix">
                       1.0000000000,  1.3026986e-15,   0.0000000000,
                     -1.3026986e-15,   1.0000000000,   0.0000000000,
                       0.0000000000,   0.0000000000,   1.0000000000
                  </Orientation>
               </HpShield01>
               <HpTractor_Source>
                  <Position type="Vector">49.168735e-6, -0.47496101, -6.5462866</Position>
                  <Orientation type="Matrix">
                       1.0000000000,  1.6993035e-15,  7.1054231e-15,
                     -1.6993035e-15,   1.0000000000,   0.0000000000,
                     -7.1054231e-15, -12.074270e-30,   1.0000000000
                  </Orientation>
               </HpTractor_Source>
            </Fixed>
            <Revolute>
               <HpWeapon01>
                  <Position type="Vector">0.11196558, -1.1061636, -4.0311112</Position>
                  <Orientation type="Matrix">
                      -1.0000000000, -150.99592e-09,  238.41851e-09,
                      150.99580e-09,  -1.0000000000, -476.83716e-09,
                      238.41858e-09, -476.83713e-09,   1.0000000000
                  </Orientation>
                  <Axis type="Vector">0, 1, 0</Axis>
                  <Min type="float">-0.7854</Min>
                  <Max type="float">0.78538001</Max>
               </HpWeapon01>
               <HpWeapon02>
                  <Position type="Vector">-0.11197, -1.10616, -4.0311098</Position>
                  <Orientation type="Matrix">
                      -1.0000000000, -150.99575e-09,  238.41861e-09,
                      150.99580e-09,  -1.0000000000,  238.41858e-09,
                      238.41858e-09,  238.41861e-09,   1.0000000000
                  </Orientation>
                  <Axis type="Vector">0, 1, 0</Axis>
                  <Min type="float">-0.7854</Min>
                  <Max type="float">0.78538001</Max>
               </HpWeapon02>
               <HpTorpedo01>
                  <Position type="Vector">0, -0.78673637, 3</Position>
                  <Orientation type="Matrix">
                      -1.0000000000,  87.422777e-09,   0.0000000000,
                     -87.422777e-09,  -1.0000000000,   0.0000000000,
                       0.0000000000,   0.0000000000,   1.0000000000
                  </Orientation>
                  <Axis type="Vector">0, 1, 0</Axis>
                  <Min type="float">-0.78539819</Min>
                  <Max type="float">0.78539819</Max>
               </HpTorpedo01>
               <HpWeapon07>
                  <Position type="Vector">1.33, -1.2867359, 3</Position>
                  <Orientation type="Matrix">
                      -0.8902145600,  -0.4555417900,   0.0000000000,
                       0.4555417900,  -0.8902145600,   0.0000000000,
                       0.0000000000,   0.0000000000,   1.0000000000
                  </Orientation>
                  <Axis type="Vector">0, 0, 1</Axis>
                  <Min type="float">-0.78539819</Min>
                  <Max type="float">0.78539819</Max>
               </HpWeapon07>
               <HpWeapon08>
                  <Position type="Vector">-1.33, -1.3167359, 3</Position>
                  <Orientation type="Matrix">
                      -0.8902144400,   0.4555417300,   0.0000000000,
                      -0.4555417300,  -0.8902144400,   0.0000000000,
                       0.0000000000,   0.0000000000,   1.0000000000
                  </Orientation>
                  <Axis type="Vector">0, 0, 1</Axis>
                  <Min type="float">-0.78539819</Min>
                  <Max type="float">0.78539819</Max>
               </HpWeapon08>
               <HpWeapon09>
                  <Position type="Vector">0.69196522, -0.43383557, -3.3611112</Position>
                  <Orientation type="Matrix">
                      -0.4241963000,   0.9055700900, -45.027633e-09,
                      -0.9055700900,  -0.4241963000, -202.27259e-09,
                     -202.27256e-09, -45.027626e-09,   1.0000000000
                  </Orientation>
                  <Axis type="Vector">0, 0, 1</Axis>
                  <Min type="float">-0.7854</Min>
                  <Max type="float">0.78538001</Max>
               </HpWeapon09>
               <HpWeapon10>
                  <Position type="Vector">0.77196991, -0.23383573, -3.3611112</Position>
                  <Orientation type="Matrix">
                      -0.4226183300,   0.9063077600, -476.83716e-09,
                      -0.9063077600,  -0.4226183300,   0.0000000000,
                     -201.52012e-09,  432.16122e-09,   1.0000000000
                  </Orientation>
                  <Axis type="Vector">0, 0, 1</Axis>
                  <Min type="float">-0.7854</Min>
                  <Max type="float">0.78538001</Max>
               </HpWeapon10>
            </Revolute>
         </Hardpoints>
      </bm_li_hf231209151729.3db>
      <Li_Engine02_lod1231209151729.3db>
         <MultiLevel>
            <Switch2 type="float array" count="4">
               0,
               100,
               1000,
               1000000
            </Switch2>
            <Level0>
               <VMeshPart>
                  <VMeshRef type="VMeshRef">
                     <!-- header size  --> 60,
                     <!-- vmesh lib    --> bm_li_hf.lod0-112.vms,
                     <!-- start vert   --> 1680,
                     <!-- num verts    --> 112,
                     <!-- start index  --> 2592,
                     <!-- num indices  --> 180,
                     <!-- start mesh   --> 6,
                     <!-- num meshes   --> 2,
                     <!-- bounding box -->  0.77788877,   0.78040868,  0.28084707,
                                           -0.77777338,  -0.78040767, -2.0906549,
                     <!-- center       -->  0.029474894,  0.06055367, -0.93442535,
                     <!-- radius       --> 1.4303571
                  </VMeshRef>
               </VMeshPart>
            </Level0>
            <Level1>
               <VMeshPart>
                  <VMeshRef type="VMeshRef">
                     <!-- header size  --> 60,
                     <!-- vmesh lib    --> bm_li_hf.lod1-112.vms,
                     <!-- start vert   --> 753,
                     <!-- num verts    --> 88,
                     <!-- start index  --> 1422,
                     <!-- num indices  --> 126,
                     <!-- start mesh   --> 1,
                     <!-- num meshes   --> 2,
                     <!-- bounding box -->  0.77783018,   0.7804088,   0.28038025,
                                           -0.77783096,  -0.78040767, -2.0911222,
                     <!-- center       -->  0.029474894,  0.06055367, -0.93442535,
                     <!-- radius       --> 1.4299762
                  </VMeshRef>
               </VMeshPart>
            </Level1>
            <Level2>
               <VMeshPart>
                  <VMeshRef type="VMeshRef">
                     <!-- header size  --> 60,
                     <!-- vmesh lib    --> bm_li_hf.lod2-112.vms,
                     <!-- start vert   --> 222,
                     <!-- num verts    --> 64,
                     <!-- start index  --> 423,
                     <!-- num indices  --> 90,
                     <!-- start mesh   --> 1,
                     <!-- num meshes   --> 2,
                     <!-- bounding box -->  0.7778303,    0.7804088,   0.28038025,
                                           -0.77783102,  -0.78040767, -2.0911222,
                     <!-- center       -->  0.029474894,  0.06055367, -0.93442535,
                     <!-- radius       --> 1.4299762
                  </VMeshRef>
               </VMeshPart>
            </Level2>
         </MultiLevel>
         <VMeshWire include="bm_li_hf_cmp\Li_Engine02_lod1.vwd.xml"/>
         <Hardpoints>
            <Fixed>
               <HpEngine02>
                  <Position type="Vector">-462.32564e-6, -0.039226294, 0.0027360916</Position>
                  <Orientation type="Matrix">
                       1.0000000000,  473.65913e-18, -57.209755e-30,
                     -473.65913e-18,   1.0000000000,   0.0000000000,
                      72.575203e-30,   0.0000000000,   1.0000000000
                  </Orientation>
               </HpEngine02>
               <HpThruster01>
                  <Position type="Vector">-0.0012287205, -0.77828622, -0.4792738</Position>
                  <Orientation type="Matrix">
                      -1.0000000000, -49.200678e-15,  150.99580e-09,
                     -847.03295e-24,  -1.0000000000, -325.84137e-09,
                      150.99580e-09, -325.84137e-09,   1.0000000000
                  </Orientation>
               </HpThruster01>
            </Fixed>
         </Hardpoints>
      </Li_Engine02_lod1231209151729.3db>
      <Li_Spoiler_lod1231209151729.3db>
         <MultiLevel>
            <Switch2 type="float array" count="4">
               0,
               100,
               1000,
               1000000
            </Switch2>
            <Level0>
               <VMeshPart>
                  <VMeshRef type="VMeshRef">
                     <!-- header size  --> 60,
                     <!-- vmesh lib    --> bm_li_hf.lod0-112.vms,
                     <!-- start vert   --> 1792,
                     <!-- num verts    --> 172,
                     <!-- start index  --> 2772,
                     <!-- num indices  --> 306,
                     <!-- start mesh   --> 8,
                     <!-- num meshes   --> 2,
                     <!-- bounding box -->  2.7741177,     0.79492414,    1.0880418,
                                           -2.7550733,    -0.79440951,   -1.0878305,
                     <!-- center       -->  0.0031850075,  0.0086989403, -0.035229683,
                     <!-- radius       --> 2.8587847
                  </VMeshRef>
               </VMeshPart>
            </Level0>
            <Level1>
               <VMeshPart>
                  <VMeshRef type="VMeshRef">
                     <!-- header size  --> 60,
                     <!-- vmesh lib    --> bm_li_hf.lod1-112.vms,
                     <!-- start vert   --> 841,
                     <!-- num verts    --> 154,
                     <!-- start index  --> 1548,
                     <!-- num indices  --> 252,
                     <!-- start mesh   --> 3,
                     <!-- num meshes   --> 2,
                     <!-- bounding box -->  2.7741177,     0.79466665,    1.0880418,
                                           -2.7550733,    -0.79466689,   -1.0878305,
                     <!-- center       -->  0.0031850075,  0.0086989403, -0.035229683,
                     <!-- radius       --> 2.8587637
                  </VMeshRef>
               </VMeshPart>
            </Level1>
            <Level2>
               <VMeshPart>
                  <VMeshRef type="VMeshRef">
                     <!-- header size  --> 60,
                     <!-- vmesh lib    --> bm_li_hf.lod2-112.vms,
                     <!-- start vert   --> 286,
                     <!-- num verts    --> 68,
                     <!-- start index  --> 513,
                     <!-- num indices  --> 84,
                     <!-- start mesh   --> 3,
                     <!-- num meshes   --> 1,
                     <!-- bounding box -->  2.8666363,     0.63173687,    1.0703473,
                                           -2.8666384,    -0.8322798,    -1.0772786,
                     <!-- center       -->  0.0031850075,  0.0086989403, -0.035229683,
                     <!-- radius       --> 2.9108543
                  </VMeshRef>
               </VMeshPart>
            </Level2>
         </MultiLevel>
         <VMeshWire include="bm_li_hf_cmp\Li_Spoiler_lod1.vwd.xml"/>
         <Hardpoints>
            <Fixed>
               <HpCM01>
                  <Position type="Vector">2.7724993, -0.23371959, 0.046495438</Position>
                  <Orientation type="Matrix">
                      313.91647e-09,   1.0000000000, -7.1054227e-15,
                      -1.0000000000,  313.91647e-09,   0.0000000000,
                       0.0000000000,  7.1054231e-15,   1.0000000000
                  </Orientation>
               </HpCM01>
               <HpMine01>
                  <Position type="Vector">-2.7690754, -0.23480535, 0.045530319</Position>
                  <Orientation type="Matrix">
                      313.91647e-09,  -1.0000000000, -223.83066e-30,
                       1.0000000000,  313.91647e-09,   0.0000000000,
                       0.0000000000,   0.0000000000,   1.0000000000
                  </Orientation>
               </HpMine01>
               <HpRunningLight03>
                  <Position type="Vector">-1.8901252, 0.58040106, 1.1221929</Position>
                  <Orientation type="Matrix">
                       1.0000000000, -25.026210e-15,  3.8116479e-21,
                     -25.026208e-15,  -1.0000000000,  150.99580e-09,
                      202.38672e-24, -150.99580e-09,  -1.0000000000
                  </Orientation>
               </HpRunningLight03>
               <HpRunningLight04>
                  <Position type="Vector">1.9159119, 0.58040106, 1.1221929</Position>
                  <Orientation type="Matrix">
                       1.0000000000, -25.026210e-15,  3.8116479e-21,
                     -25.026208e-15,  -1.0000000000,  150.99580e-09,
                      202.38672e-24, -150.99580e-09,  -1.0000000000
                  </Orientation>
               </HpRunningLight04>
            </Fixed>
         </Hardpoints>
      </Li_Spoiler_lod1231209151729.3db>
      <Li_Engine01_lod1231209151729.3db>
         <MultiLevel>
            <Switch2 type="float array" count="4">
               0,
               100,
               1000,
               1000000
            </Switch2>
            <Level0>
               <VMeshPart>
                  <VMeshRef type="VMeshRef">
                     <!-- header size  --> 60,
                     <!-- vmesh lib    --> bm_li_hf.lod0-112.vms,
                     <!-- start vert   --> 1964,
                     <!-- num verts    --> 78,
                     <!-- start index  --> 3078,
                     <!-- num indices  --> 120,
                     <!-- start mesh   --> 10,
                     <!-- num meshes   --> 2,
                     <!-- bounding box -->  1.1781178,    1.163223,     0.41732216,
                                           -1.1589744,   -1.1623936,   -0.41821337,
                     <!-- center       --> -0.044615813,  0.090193748, -0.017017365,
                     <!-- radius       --> 1.3811924
                  </VMeshRef>
               </VMeshPart>
            </Level0>
            <Level1>
               <VMeshPart>
                  <VMeshRef type="VMeshRef">
                     <!-- header size  --> 60,
                     <!-- vmesh lib    --> bm_li_hf.lod1-112.vms,
                     <!-- start vert   --> 995,
                     <!-- num verts    --> 78,
                     <!-- start index  --> 1800,
                     <!-- num indices  --> 120,
                     <!-- start mesh   --> 5,
                     <!-- num meshes   --> 2,
                     <!-- bounding box -->  1.1780683,    1.163223,     0.41732311,
                                           -1.159024,    -1.1623933,   -0.41821241,
                     <!-- center       --> -0.044615813,  0.090193748, -0.017017365,
                     <!-- radius       --> 1.3811482
                  </VMeshRef>
               </VMeshPart>
            </Level1>
            <Level2>
               <VMeshPart>
                  <VMeshRef type="VMeshRef">
                     <!-- header size  --> 60,
                     <!-- vmesh lib    --> bm_li_hf.lod2-112.vms,
                     <!-- start vert   --> 354,
                     <!-- num verts    --> 23,
                     <!-- start index  --> 597,
                     <!-- num indices  --> 54,
                     <!-- start mesh   --> 4,
                     <!-- num meshes   --> 1,
                     <!-- bounding box -->  1.1217457,    1.379113,     0.38399601,
                                           -1.1757448,   -1.161345,    -0.5556345,
                     <!-- center       --> -0.044615813,  0.090193748, -0.017017365,
                     <!-- radius       --> 1.5136641
                  </VMeshRef>
               </VMeshPart>
            </Level2>
         </MultiLevel>
         <VMeshWire include="bm_li_hf_cmp\Li_Engine01_lod1.vwd.xml"/>
         <Hardpoints>
            <Fixed>
               <HpEngine01>
                  <Position type="Vector">-412.75562e-6, -0.053051531, -0.004732132</Position>
                  <Orientation type="Matrix">
                       1.0000000000,  1.3026986e-15, -223.83057e-30,
                     -1.3026986e-15,   1.0000000000, -28.421709e-15,
                     -77.647143e-24,  28.421709e-15,   1.0000000000
                  </Orientation>
               </HpEngine01>
               <HpEngineGlow>
                  <Position type="Vector">-412.75591e-6, -1.1784873, 3.0241947</Position>
                  <Orientation type="Matrix">
                       1.0000000000,  1.3026986e-15, -223.83057e-30,
                     -1.3026986e-15,   1.0000000000, -28.421709e-15,
                     -77.647143e-24,  28.421709e-15,   1.0000000000
                  </Orientation>
               </HpEngineGlow>
            </Fixed>
         </Hardpoints>
      </Li_Engine01_lod1231209151729.3db>
      <Li_glass_lod1231209151729.3db>
         <MultiLevel>
            <Switch2 type="float array" count="4">
               0,
               100,
               1000,
               1000000
            </Switch2>
            <Level0>
               <VMeshPart>
                  <VMeshRef type="VMeshRef">
                     <!-- header size  --> 60,
                     <!-- vmesh lib    --> bm_li_hf.lod0-112.vms,
                     <!-- start vert   --> 2042,
                     <!-- num verts    --> 164,
                     <!-- start index  --> 3198,
                     <!-- num indices  --> 315,
                     <!-- start mesh   --> 12,
                     <!-- num meshes   --> 1,
                     <!-- bounding box -->  0.98413855,   0.99065536, -3.1741102,
                                           -0.98344249,  -0.73204899, -6.4769549,
                     <!-- center       -->  0.057812054,  0.20163544, -4.6912565,
                     <!-- radius       --> 1.8876396
                  </VMeshRef>
               </VMeshPart>
            </Level0>
            <Level1>
               <VMeshPart>
                  <VMeshRef type="VMeshRef">
                     <!-- header size  --> 60,
                     <!-- vmesh lib    --> bm_li_hf.lod1-112.vms,
                     <!-- start vert   --> 1073,
                     <!-- num verts    --> 67,
                     <!-- start index  --> 1920,
                     <!-- num indices  --> 165,
                     <!-- start mesh   --> 7,
                     <!-- num meshes   --> 1,
                     <!-- bounding box -->  0.98413855,   0.99065536, -3.1741102,
                                           -0.98344249,  -0.73204899, -6.4769549,
                     <!-- center       -->  0.057812054,  0.20163544, -4.6912565,
                     <!-- radius       --> 1.8876396
                  </VMeshRef>
               </VMeshPart>
            </Level1>
            <Level2>
               <VMeshPart>
                  <VMeshRef type="VMeshRef">
                     <!-- header size  --> 60,
                     <!-- vmesh lib    --> bm_li_hf.lod2-112.vms,
                     <!-- start vert   --> 377,
                     <!-- num verts    --> 21,
                     <!-- start index  --> 651,
                     <!-- num indices  --> 75,
                     <!-- start mesh   --> 5,
                     <!-- num meshes   --> 1,
                     <!-- bounding box -->  0.95558381,   0.92454892, -3.1741109,
                                           -0.95768064,  -0.73089409, -6.4396558,
                     <!-- center       -->  0.057812054,  0.20163544, -4.6912565,
                     <!-- radius       --> 1.8876392
                  </VMeshRef>
               </VMeshPart>
            </Level2>
         </MultiLevel>
         <VMeshWire include="bm_li_hf_cmp\Li_glass_lod1.vwd.xml"/>
      </Li_glass_lod1231209151729.3db>
      <Li_port_wing_lod1231209151729.3db>
         <MultiLevel>
            <Switch2 type="float array" count="4">
               0,
               100,
               1000,
               1000000
            </Switch2>
            <Level0>
               <VMeshPart>
                  <VMeshRef type="VMeshRef">
                     <!-- header size  --> 60,
                     <!-- vmesh lib    --> bm_li_hf.lod0-112.vms,
                     <!-- start vert   --> 2206,
                     <!-- num verts    --> 122,
                     <!-- start index  --> 3513,
                     <!-- num indices  --> 198,
                     <!-- start mesh   --> 13,
                     <!-- num meshes   --> 2,
                     <!-- bounding box -->  1.6311697,  0.48157668,   6.4246683,
                                           -5.432107,  -0.52644432,  -0.16097319,
                     <!-- center       --> -1.5164595, -0.093830347,  3.3779471,
                     <!-- radius       --> 4.3605032
                  </VMeshRef>
               </VMeshPart>
            </Level0>
            <Level1>
               <VMeshPart>
                  <VMeshRef type="VMeshRef">
                     <!-- header size  --> 60,
                     <!-- vmesh lib    --> bm_li_hf.lod1-112.vms,
                     <!-- start vert   --> 1140,
                     <!-- num verts    --> 75,
                     <!-- start index  --> 2085,
                     <!-- num indices  --> 126,
                     <!-- start mesh   --> 8,
                     <!-- num meshes   --> 3,
                     <!-- bounding box -->  2.9211509,  0.29758513,   6.4324541,
                                           -5.4319859, -0.52644527,  -0.17728239,
                     <!-- center       --> -1.5164595, -0.093830347,  3.3779471,
