<?xml version="1.0" encoding="ISO-8859-1"?>
<!-- XML generated by UTFXML Version 2.2 built 19-Aug-2010 -->
<UTFXML filename="bm_lifeboat.3db" path="BMOD\SOLAR\MISC">
   <UTF_ROOT>
      <VMeshLibrary>
         <bm_lifeboat.lod0-112.vms include="bm_lifeboat_3db\lod0-112.vms.xml"/>
      </VMeshLibrary>
      <Exporter_Version name="Exporter Version" type="text">MAXLancer Tools 0.97</Exporter_Version>
      <VMeshPart>
         <VMeshRef type="VMeshRef">
            <!-- header size  --> 60,
            <!-- vmesh lib    --> bm_lifeboat.lod0-112.vms,
            <!-- start vert   --> 0,
            <!-- num verts    --> 117,
            <!-- start index  --> 0,
            <!-- num indices  --> 258,
            <!-- start mesh   --> 0,
            <!-- num meshes   --> 3,
            <!-- bounding box -->  4.0280108,    4.0149112,    6.7792768,
                                  -4.027823,    -4.0409226,   -6.8159075,
            <!-- center       --> -0.060416743, -0.056293193,  0.24709877,
            <!-- radius       --> 7.0817909
         </VMeshRef>
      </VMeshPart>
      <VMeshWire include="bm_lifeboat_3db\bm_lifeboat.vwd.xml"/>
      <Hardpoints>
         <Fixed>
            <HpCockpit>
               <Position type="Vector">0.016348347, 0.14630127, -2.1182861</Position>
               <Orientation type="Matrix">
                    1.0000000000,  1.7420640e-15,  86.478941e-09,
                    0.0000000000,   1.0000000000, -20.144372e-09,
                  -86.478941e-09,  20.144372e-09,   1.0000000000
               </Orientation>
            </HpCockpit>
            <HpEngine01>
               <Position type="Vector">-0.01435146, -0.0038452167, 6.7546387</Position>
               <Orientation type="Matrix">
                  -51.143487e-15,   1.0000000000, -325.84137e-09,
                    1.0000000000, -51.143487e-15, -313.91647e-09,
                  -313.91647e-09, -325.84137e-09,  -1.0000000000
               </Orientation>
            </HpEngine01>
            <HpHeadLight>
               <Position type="Vector">0.016615303, -3.2332764, -6.0650635</Position>
               <Orientation type="Matrix">
                    1.0000000000,  107.53796e-09,  105.15057e-09,
                  -107.53796e-09,   1.0000000000, -5.8937242e-09,
                  -105.15057e-09,  5.8937131e-09,   1.0000000000
               </Orientation>
            </HpHeadLight>
            <HpMount>
               <Position type="Vector">0.016614707, -5.9243774, 0.5635376</Position>
               <Orientation type="Matrix">
                    1.0000000000,  205.49918e-09,  104.30816e-09,
                  -205.49918e-09,   1.0000000000,   0.0000000000,
                  -104.30816e-09, -21.435241e-15,   1.0000000000
               </Orientation>
            </HpMount>
            <HpPilot>
               <Position type="Vector">0.021655532, -0.030822754, -0.92456055</Position>
               <Orientation type="Matrix">
                    1.0000000000,  316.18225e-09,  87.023594e-09,
                  -316.18225e-09,   1.0000000000,   0.0000000000,
                  -87.023594e-09, -27.515316e-15,   1.0000000000
               </Orientation>
            </HpPilot>
            <HpRunningLight01>
               <Position type="Vector">-0.010660448, -0.01287842, -7.0891724</Position>
               <Orientation type="Matrix">
                    1.0000000000, -86.808178e-09, -93.961951e-09,
                  -86.808164e-09,  -1.0000000000,  150.99580e-09,
                  -93.961965e-09, -150.99579e-09,  -1.0000000000
               </Orientation>
            </HpRunningLight01>
            <HpRunningLight02>
               <Position type="Vector">-0.010660756, 4.3504639, -1.1762695</Position>
               <Orientation type="Matrix">
                    1.0000000000, -81.873694e-09,  82.198696e-09,
                  -82.198667e-09,  313.91647e-09,   1.0000000000,
                  -81.873722e-09,  -1.0000000000,  313.91647e-09
               </Orientation>
            </HpRunningLight02>
            <HpRunningLight03>
               <Position type="Vector">-0.010660497, -4.3358154, -1.1762695</Position>
               <Orientation type="Matrix">
                   -1.0000000000, -150.99582e-09,  30.757722e-09,
                  -30.757768e-09,  313.91647e-09,  -1.0000000000,
                   150.99580e-09,  -1.0000000000, -313.91647e-09
               </Orientation>
            </HpRunningLight03>
            <HpRunningLight04>
               <Position type="Vector">-4.3537998, 0.0073239584, -1.1762693</Position>
               <Orientation type="Matrix">
                   221.97243e-09,  29.802322e-09,  -1.0000000000,
                    1.0000000000,  221.97250e-09,  221.97243e-09,
                   221.97251e-09,  -1.0000000000, -29.802322e-09
               </Orientation>
            </HpRunningLight04>
            <HpRunningLight05>
               <Position type="Vector">4.3324785, 0.0073244758, -1.1762698</Position>
               <Orientation type="Matrix">
                   53.385069e-09, -29.802322e-09,   1.0000000000,
                   -1.0000000000,  53.385087e-09,  53.385069e-09,
                  -53.385090e-09,  -1.0000000000, -29.802322e-09
               </Orientation>
            </HpRunningLight05>
         </Fixed>
         <Revolute>
            <HpTurret01>
               <Position type="Vector">-1.4487684, 3.4126675, -0.60117656</Position>
               <Orientation type="Matrix">
                    0.9172090300,  -0.3984062700,   0.0000000000,
                    0.3984062700,   0.9172090300,   0.0000000000,
                    0.0000000000,   0.0000000000,   1.0000000000
               </Orientation>
               <Axis type="Vector">0, 1, 0</Axis>
               <Min type="float">-6.2831855</Min>
               <Max type="float">6.2831855</Max>
            </HpTurret01>
            <HpTurret02>
               <Position type="Vector">1.4080366, -3.4492054, -0.60117656</Position>
               <Orientation type="Matrix">
                   -0.9172092100,   0.3984059700,   0.0000000000,
                   -0.3984059700,  -0.9172092100,   0.0000000000,
                    0.0000000000,   0.0000000000,   1.0000000000
               </Orientation>
               <Axis type="Vector">0, 1, 0</Axis>
               <Min type="float">-6.2831855</Min>
               <Max type="float">6.2831855</Max>
            </HpTurret02>
         </Revolute>
      </Hardpoints>
   </UTF_ROOT>
</UTFXML>
