<?xml version="1.0" encoding="ISO-8859-1"?>
<!-- XML generated by UTFXML Version 2.2 built 19-Aug-2010 -->
<UTFXML filename="bm_pi_fr.cmp" path="BMOD\SHIPS\MODELS\bm_pi_fr">
   <UTF_ROOT>
      <VMeshLibrary>
         <bm_pi_fr.lod0-112.vms include="bm_pi_fr_cmp\lod0-112.vms.xml"/>
         <bm_pi_fr.lod1-112.vms include="bm_pi_fr_cmp\lod1-112.vms.xml"/>
         <bm_pi_fr.lod2-112.vms include="bm_pi_fr_cmp\lod2-112.vms.xml"/>
      </VMeshLibrary>
      <Animation include="bm_pi_fr_cmp\Animation.xml"/>
      <Exporter_Version name="Exporter Version" type="text">MAXLancer Tools 0.97</Exporter_Version>
      <Cmpnd>
         <Cons>
            <Fix type="Fix" count="6">
               <part>
                  <!-- parent      --> "Root",
                  <!-- child       --> "port_engine_lod1",
                  <!-- position    --> -4.0314894, -2.0984578, 8.2510033,
                  <!-- orientation -->   1.0000000000,  7.4505859e-09, -81.956387e-09,
                                       -7.4505815e-09,   1.0000000000,  59.604641e-09,
                                        81.956387e-09, -59.604641e-09,   1.0000000000
               </part>
               <part>
                  <!-- parent      --> "Root",
                  <!-- child       --> "starboard_engine_lod1",
                  <!-- position    --> 4.027513, -2.0984559, 8.2510033,
                  <!-- orientation -->   1.0000000000,  7.4505859e-09, -81.956387e-09,
                                       -7.4505815e-09,   1.0000000000,  59.604641e-09,
                                        81.956387e-09, -59.604641e-09,   1.0000000000
               </part>
               <part>
                  <!-- parent      --> "Root",
                  <!-- child       --> "fins_top_lod1",
                  <!-- position    --> -2.5085423, 4.6088462, 8.1530752,
                  <!-- orientation -->   1.0000000000,  7.4505859e-09, -81.956387e-09,
                                       -7.4505815e-09,   1.0000000000,  59.604641e-09,
                                        81.956387e-09, -59.604641e-09,   1.0000000000
               </part>
               <part>
                  <!-- parent      --> "Root",
                  <!-- child       --> "starboard_wing_lod1",
                  <!-- position    --> 5.0633926, -4.2385941, -0.97959596,
                  <!-- orientation -->   1.0000000000,  7.4505859e-09, -81.956387e-09,
                                       -7.4505815e-09,   1.0000000000,  59.604641e-09,
                                        81.956387e-09, -59.604641e-09,   1.0000000000
               </part>
               <part>
                  <!-- parent      --> "Root",
                  <!-- child       --> "port_wing_lod1",
                  <!-- position    --> -5.0687733, -4.2385983, -0.9795956,
                  <!-- orientation -->   1.0000000000,  7.4505859e-09, -81.956387e-09,
                                       -7.4505815e-09,   1.0000000000,  59.604641e-09,
                                        81.956387e-09, -59.604641e-09,   1.0000000000
               </part>
               <part>
                  <!-- parent      --> "Root",
                  <!-- child       --> "glass_lod1",
                  <!-- position    --> -126.68266e-12, -310.53349e-12, 207.02196e-12,
                  <!-- orientation -->   1.0000000000,  39.704669e-24, -6.6174449e-24,
                                       -39.704669e-24,   1.0000000000,  111.02232e-18,
                                        6.6174449e-24, -111.02232e-18,   1.0000000000
               </part>
            </Fix>
            <Rev type="Rev" count="2">
               <part>
                  <!-- parent      --> "Root",
                  <!-- child       --> "baydoor01_lod1",
                  <!-- position    --> -1.4863141, 0.29228097, 1.7121243,
                  <!-- offset      --> 0, 0, 0,
                  <!-- orientation -->  -1.0000000000, -178.81389e-09,  150.99585e-09,
                                       -178.81393e-09,   1.0000000000, -298.02322e-09,
                                       -150.99579e-09, -298.02325e-09,  -1.0000000000,
                  <!-- axis        --> -72.474734e-09,  164.56552e-09,   1.0000000000,
                  <!-- min, max    --> 0, 1.38753
               </part>
               <part>
                  <!-- parent      --> "Root",
                  <!-- child       --> "baydoor02_lod1",
                  <!-- position    --> 1.4867244, 0.29228145, 1.7121252,
                  <!-- offset      --> 0, 0, 0,
                  <!-- orientation -->   1.0000000000,  5.1531765e-15,  624.33740e-18,
                                       -5.1531765e-15,   1.0000000000,  303.92525e-09,
                                       -624.33581e-18, -303.92525e-09,   1.0000000000,
                  <!-- axis        -->  43.687955e-09, -522.19372e-09,  -1.0000000000,
                  <!-- min, max    --> 0, 1.38753
               </part>
            </Rev>
         </Cons>
         <Part_port_engine_lod1>
            <Object_name name="Object name" type="text">port_engine_lod1</Object_name>
            <Index type="int">0</Index>
            <File_name name="File name" type="text">port_engine_lod1240428073207.3db</File_name>
         </Part_port_engine_lod1>
         <Part_starboard_engine_lod1>
            <Object_name name="Object name" type="text">starboard_engine_lod1</Object_name>
            <Index type="int">0</Index>
            <File_name name="File name" type="text">starboard_engine_lod1240428073207.3db</File_name>
         </Part_starboard_engine_lod1>
         <Part_fins_top_lod1>
            <Object_name name="Object name" type="text">fins_top_lod1</Object_name>
            <Index type="int">0</Index>
            <File_name name="File name" type="text">fins_top_lod1240428073207.3db</File_name>
         </Part_fins_top_lod1>
         <Part_starboard_wing_lod1>
            <Object_name name="Object name" type="text">starboard_wing_lod1</Object_name>
            <Index type="int">0</Index>
            <File_name name="File name" type="text">starboard_wing_lod1240428073207.3db</File_name>
         </Part_starboard_wing_lod1>
         <Part_port_wing_lod1>
            <Object_name name="Object name" type="text">port_wing_lod1</Object_name>
            <Index type="int">0</Index>
            <File_name name="File name" type="text">port_wing_lod1240428073207.3db</File_name>
         </Part_port_wing_lod1>
         <Part_glass_lod1>
            <Object_name name="Object name" type="text">glass_lod1</Object_name>
            <Index type="int">0</Index>
            <File_name name="File name" type="text">glass_lod1240428073207.3db</File_name>
         </Part_glass_lod1>
         <Part_baydoor01_lod1>
            <Object_name name="Object name" type="text">baydoor01_lod1</Object_name>
            <Index type="int">0</Index>
            <File_name name="File name" type="text">baydoor01_lod1240428073207.3db</File_name>
         </Part_baydoor01_lod1>
         <Part_baydoor02_lod1>
            <Object_name name="Object name" type="text">baydoor02_lod1</Object_name>
            <Index type="int">0</Index>
            <File_name name="File name" type="text">baydoor02_lod1240428073207.3db</File_name>
         </Part_baydoor02_lod1>
         <Root>
            <Object_name name="Object name" type="text">Root</Object_name>
            <Index type="int">0</Index>
            <File_name name="File name" type="text">bm_pi_fr240428073207.3db</File_name>
         </Root>
      </Cmpnd>
      <bm_pi_fr240428073207.3db>
         <MultiLevel>
            <Switch2 type="float array" count="4">
               0,
               100,
               1000,
               1000000
            </Switch2>
            <Level0>
               <VMeshPart>
                  <VMeshRef type="VMeshRef">
                     <!-- header size  --> 60,
                     <!-- vmesh lib    --> bm_pi_fr.lod0-112.vms,
                     <!-- start vert   --> 0,
                     <!-- num verts    --> 1076,
                     <!-- start index  --> 0,
                     <!-- num indices  --> 1878,
                     <!-- start mesh   --> 0,
                     <!-- num meshes   --> 4,
                     <!-- bounding box -->  4.440001,    5.1099257,     9.6313114,
                                           -4.44,       -5.1099267,    -9.6313105,
                     <!-- center       -->  0.08209043,  0.0067766351, -0.22351652,
                     <!-- radius       --> 10.095775
                  </VMeshRef>
               </VMeshPart>
            </Level0>
            <Level1>
               <VMeshPart>
                  <VMeshRef type="VMeshRef">
                     <!-- header size  --> 60,
                     <!-- vmesh lib    --> bm_pi_fr.lod1-112.vms,
                     <!-- start vert   --> 0,
                     <!-- num verts    --> 702,
                     <!-- start index  --> 0,
                     <!-- num indices  --> 1059,
                     <!-- start mesh   --> 0,
                     <!-- num meshes   --> 4,
                     <!-- bounding box -->  5.0420403,   5.1099257,     9.8995638,
                                           -4.6599898,  -5.1099267,    -9.6313105,
                     <!-- center       -->  0.08209043,  0.0067766351, -0.22351652,
                     <!-- radius       --> 11.614881
                  </VMeshRef>
               </VMeshPart>
            </Level1>
            <Level2>
               <VMeshPart>
                  <VMeshRef type="VMeshRef">
                     <!-- header size  --> 60,
                     <!-- vmesh lib    --> bm_pi_fr.lod2-112.vms,
                     <!-- start vert   --> 0,
                     <!-- num verts    --> 399,
                     <!-- start index  --> 0,
                     <!-- num indices  --> 534,
                     <!-- start mesh   --> 0,
                     <!-- num meshes   --> 4,
                     <!-- bounding box -->  5.0420403,   5.1099257,     9.8995638,
                                           -4.6599898,  -5.1099267,    -9.6313057,
                     <!-- center       -->  0.08209043,  0.0067766351, -0.22351652,
                     <!-- radius       --> 11.614881
                  </VMeshRef>
               </VMeshPart>
            </Level2>
         </MultiLevel>
         <VMeshWire include="bm_pi_fr_cmp\bm_pi_fr.vwd.xml"/>
         <Hardpoints>
            <Fixed>
               <DpFinstop>
                  <Position type="Vector">0.0023837346, 3.4803593, 7.4093266</Position>
                  <Orientation type="Matrix">
                       1.0000000000,  39.704669e-24,   0.0000000000,
                     -39.704669e-24,   1.0000000000,   0.0000000000,
                       0.0000000000,   0.0000000000,   1.0000000000
                  </Orientation>
               </DpFinstop>
               <DpPortengine>
                  <Position type="Vector">-2.5659955, -1.7307538, 7.1147785</Position>
                  <Orientation type="Matrix">
                       1.0000000000,  71.103507e-09,  70.072211e-09,
                     -71.103507e-09,   1.0000000000, -49.906493e-09,
                     -70.072211e-09,  49.906490e-09,   1.0000000000
                  </Orientation>
               </DpPortengine>
               <DpPortwing>
                  <Position type="Vector">-2.6155055, -1.428611, 1.264629</Position>
                  <Orientation type="Matrix">
                       1.0000000000,  70.755959e-09,  68.104264e-09,
                     -70.755959e-09,   1.0000000000, -36.323332e-09,
                     -68.104264e-09,  36.323328e-09,   1.0000000000
                  </Orientation>
               </DpPortwing>
               <DpStarboardengine>
                  <Position type="Vector">2.5798092, -1.7307531, 7.114779</Position>
                  <Orientation type="Matrix">
                       1.0000000000,  8.8180343e-09,  64.609488e-09,
                     -8.8180343e-09,   1.0000000000,   0.0000000000,
                     -64.609488e-09, -569.72865e-18,   1.0000000000
                  </Orientation>
               </DpStarboardengine>
               <DpStarboardwing>
                  <Position type="Vector">4.4693046, -1.4360174, 0.45998636</Position>
                  <Orientation type="Matrix">
                       1.0000000000,  32.859091e-09,  21.673408e-09,
                     -32.859091e-09,   1.0000000000,   0.0000000000,
                     -21.673408e-09, -712.16852e-18,   1.0000000000
                  </Orientation>
               </DpStarboardwing>
               <HpBayDoor01>
                  <Position type="Vector">0.0069464939, 0.28651607, 1.3841006</Position>
                  <Orientation type="Matrix">
                       1.0000000000,  39.704669e-24,   0.0000000000,
                     -39.704669e-24,   1.0000000000,   0.0000000000,
                       0.0000000000,   0.0000000000,   1.0000000000
                  </Orientation>
               </HpBayDoor01>
               <HpBayDoor02>
                  <Position type="Vector">0.0069461227, 4.4857774, 1.3841006</Position>
                  <Orientation type="Matrix">
                       1.0000000000,  39.704669e-24,   0.0000000000,
                     -39.704669e-24,   1.0000000000,   0.0000000000,
                       0.0000000000,   0.0000000000,   1.0000000000
                  </Orientation>
               </HpBayDoor02>
               <HpCloak01>
                  <Position type="Vector">0.06365408, -0.56873679, 0.51052058</Position>
                  <Orientation type="Matrix">
                     -162.92068e-09,   1.0000000000,  162.92068e-09,
                       0.0000000000, -162.92068e-09,   1.0000000000,
                       1.0000000000,  162.92068e-09,  26.543150e-15
                  </Orientation>
               </HpCloak01>
               <HpCM01>
                  <Position type="Vector">1.3509625, 0.7301634, 8.1283617</Position>
                  <Orientation type="Matrix">
                       0.2923718700,   0.9563047300,  26.713849e-09,
                      -0.9563047300,   0.2923718700, -99.182728e-09,
                     -102.65929e-09,  3.4516177e-09,   1.0000000000
                  </Orientation>
               </HpCM01>
               <HpCockpit>
                  <Position type="Vector">0.012307579, 2.5987728, -3.1599736</Position>
                  <Orientation type="Matrix">
                       1.0000000000,   0.0000000000,  29.022841e-09,
                       0.0000000000,   1.0000000000,   0.0000000000,
                     -29.022841e-09,   0.0000000000,   1.0000000000
                  </Orientation>
               </HpCockpit>
               <HpCockpitEx>
                  <Position type="Vector">0.012308629, 12.962523, 62.85548</Position>
                  <Orientation type="Matrix">
                       1.0000000000,   0.0000000000,  29.022841e-09,
                       0.0000000000,   1.0000000000,   0.0000000000,
                     -29.022841e-09,   0.0000000000,   1.0000000000
                  </Orientation>
               </HpCockpitEx>
               <HpHeadLight>
                  <Position type="Vector">0.0069461595, 1.4930768, -6.241364</Position>
                  <Orientation type="Matrix">
                       1.0000000000,  39.704669e-24,   0.0000000000,
                     -39.704669e-24,   1.0000000000,   0.0000000000,
                       0.0000000000,   0.0000000000,   1.0000000000
                  </Orientation>
               </HpHeadLight>
               <HpMine01>
                  <Position type="Vector">0.0069467169, -2.4390721, 6.6269531</Position>
                  <Orientation type="Matrix">
                      -1.0000000000,  357.64876e-09,  177.12615e-09,
                     -87.422833e-09,  -0.6293205000,   0.7771458600,
                      389.41437e-09,   0.7771458600,   0.6293205000
                  </Orientation>
               </HpMine01>
               <HpMount>
                  <Position type="Vector">0.0069472389, -8.1202974, 1.4559432</Position>
                  <Orientation type="Matrix">
                       1.0000000000,  39.704669e-24,   0.0000000000,
                     -39.704669e-24,   1.0000000000,   0.0000000000,
                       0.0000000000,   0.0000000000,   1.0000000000
                  </Orientation>
               </HpMount>
               <HpPilot>
                  <Position type="Vector">0.012307607, 1.825006, -3.4006221</Position>
                  <Orientation type="Matrix">
                       1.0000000000,   0.0000000000,  29.022841e-09,
                       0.0000000000,   1.0000000000,   0.0000000000,
                     -29.022841e-09,   0.0000000000,   1.0000000000
                  </Orientation>
               </HpPilot>
               <HpRunningLight03>
                  <Position type="Vector">2.6630895, -0.95445788, -9.8718224</Position>
                  <Orientation type="Matrix">
                       1.0000000000,  39.704669e-24,   0.0000000000,
                     -39.704669e-24,   1.0000000000,   0.0000000000,
                       0.0000000000,   0.0000000000,   1.0000000000
                  </Orientation>
               </HpRunningLight03>
               <HpRunningLight04>
                  <Position type="Vector">-2.6520741, -0.95445812, -9.8716164</Position>
                  <Orientation type="Matrix">
                       1.0000000000,  39.704669e-24,   0.0000000000,
                     -39.704669e-24,   1.0000000000,   0.0000000000,
                       0.0000000000,   0.0000000000,   1.0000000000
                  </Orientation>
               </HpRunningLight04>
               <HpShield01>
                  <Position type="Vector">0.0069461227, 3.5028551, -2.2619245</Position>
                  <Orientation type="Matrix">
                       1.0000000000,  3.0515764e-15,  320.73323e-18,
                     -3.0683853e-15,   0.9945219200,   0.1045283500,
                       0.0000000000,  -0.1045283500,   0.9945219200
                  </Orientation>
               </HpShield01>
               <HpThruster01>
                  <Position type="Vector">-1.3543403, 0.73016316, 8.1283617</Position>
                  <Orientation type="Matrix">
                       0.3090169700,  -0.9510565400, -81.170441e-09,
                       0.9510565400,   0.3090169700, -128.55990e-09,
                      147.35078e-09, -37.470500e-09,   1.0000000000
                  </Orientation>
               </HpThruster01>
               <HpTractor_Source>
                  <Position type="Vector">0.0069461595, 1.4930768, -6.241364</Position>
                  <Orientation type="Matrix">
                       1.0000000000,  39.704669e-24,   0.0000000000,
                     -39.704669e-24,   1.0000000000,   0.0000000000,
                       0.0000000000,   0.0000000000,   1.0000000000
                  </Orientation>
               </HpTractor_Source>
            </Fixed>
            <Revolute>
               <HpTurret01>
                  <Position type="Vector">0.0069462713, 4.4558945, 6.295156</Position>
                  <Orientation type="Matrix">
                       1.0000000000,  39.704669e-24,   0.0000000000,
                     -39.704669e-24,   1.0000000000,   0.0000000000,
                       0.0000000000,   0.0000000000,   1.0000000000
                  </Orientation>
                  <Axis type="Vector">0, 1, 0</Axis>
                  <Min type="float">-1.5707999</Min>
                  <Max type="float">1.5707799</Max>
               </HpTurret01>
               <HpTurret04>
                  <Position type="Vector">0.0069462713, -3.0939789, 4.9617023</Position>
                  <Orientation type="Matrix">
                       1.0000000000,  49.200678e-15, -150.99580e-09,
                       0.0000000000,  -1.0000000000, -325.84137e-09,
                     -150.99580e-09,  325.84137e-09,  -1.0000000000
                  </Orientation>
                  <Axis type="Vector">0, 1, 0</Axis>
                  <Min type="float">-2.0071299</Min>
                  <Max type="float">2.0071099</Max>
               </HpTurret04>
               <HpWeapon01>
                  <Position type="Vector">4.2199464, -3.2423108, -7.1707425</Position>
                  <Orientation type="Matrix">
                       0.3090169700,   0.9510565400,   0.0000000000,
                      -0.9510565400,   0.3090169700,   0.0000000000,
                       0.0000000000,   0.0000000000,   1.0000000000
                  </Orientation>
                  <Axis type="Vector">0, 1, 0</Axis>
                  <Min type="float">-0.69813997</Min>
                  <Max type="float">0.34905002</Max>
               </HpWeapon01>
               <HpWeapon02>
                  <Position type="Vector">-4.2064986, -3.2423112, -7.170742</Position>
                  <Orientation type="Matrix">
                       0.3090169700,  -0.9510565400,  120.74349e-09,
                       0.9510565400,   0.3090169700,   0.0000000000,
                     -37.311789e-09,  114.83389e-09,   1.0000000000
                  </Orientation>
                  <Axis type="Vector">0, 1, 0</Axis>
                  <Min type="float">-0.34906998</Min>
                  <Max type="float">0.69813001</Max>
               </HpWeapon02>
               <HpWeapon03>
                  <Position type="Vector">3.1169465, -0.87122273, -8.8258839</Position>
                  <Orientation type="Matrix">
                       0.3907309800,   0.9205049300, -28.922344e-09,
                      -0.9205049300,   0.3907309800, -80.932935e-09,
                     -63.198307e-09,  58.246172e-09,   1.0000000000
                  </Orientation>
                  <Axis type="Vector">0, 1, 0</Axis>
                  <Min type="float">-0.34906998</Min>
                  <Max type="float">0.34905002</Max>
               </HpWeapon03>
               <HpWeapon04>
                  <Position type="Vector">-3.1030443, -0.87122285, -8.825882</Position>
                  <Orientation type="Matrix">
                       0.3907310700,  -0.9205048700,  112.85165e-09,
                       0.9205048700,   0.3907310700, -47.902667e-09,
                     -7.1054274e-15,  122.59756e-09,   1.0000000000
                  </Orientation>
                  <Axis type="Vector">0, 1, 0</Axis>
                  <Min type="float">-0.34906998</Min>
                  <Max type="float">0.34905002</Max>
               </HpWeapon04>
            </Revolute>
         </Hardpoints>
      </bm_pi_fr240428073207.3db>
      <port_engine_lod1240428073207.3db>
         <MultiLevel>
            <Switch2 type="float array" count="4">
               0,
               100,
               1000,
               1000000
            </Switch2>
            <Level0>
               <VMeshPart>
                  <VMeshRef type="VMeshRef">
                     <!-- header size  --> 60,
                     <!-- vmesh lib    --> bm_pi_fr.lod0-112.vms,
                     <!-- start vert   --> 1076,
                     <!-- num verts    --> 252,
                     <!-- start index  --> 1878,
                     <!-- num indices  --> 432,
                     <!-- start mesh   --> 4,
                     <!-- num meshes   --> 4,
                     <!-- bounding box -->  1.7748501,   2.0494213,    3.0747757,
                                           -1.7748499,  -2.0494199,   -3.0747776,
                     <!-- center       --> -0.14040184, -0.035547018,  0.34747219,
                     <!-- radius       --> 3.4972146
                  </VMeshRef>
               </VMeshPart>
            </Level0>
            <Level1>
               <VMeshPart>
                  <VMeshRef type="VMeshRef">
                     <!-- header size  --> 60,
                     <!-- vmesh lib    --> bm_pi_fr.lod1-112.vms,
                     <!-- start vert   --> 702,
                     <!-- num verts    --> 222,
                     <!-- start index  --> 1059,
                     <!-- num indices  --> 342,
                     <!-- start mesh   --> 4,
                     <!-- num meshes   --> 3,
                     <!-- bounding box -->  1.7748501,   2.0494213,    3.0747757,
                                           -1.7748499,  -2.0494199,   -3.0747776,
                     <!-- center       --> -0.14040184, -0.035547018,  0.34747219,
                     <!-- radius       --> 3.4972146
                  </VMeshRef>
               </VMeshPart>
            </Level1>
            <Level2>
               <VMeshPart>
                  <VMeshRef type="VMeshRef">
                     <!-- header size  --> 60,
                     <!-- vmesh lib    --> bm_pi_fr.lod2-112.vms,
                     <!-- start vert   --> 399,
                     <!-- num verts    --> 144,
                     <!-- start index  --> 534,
                     <!-- num indices  --> 216,
                     <!-- start mesh   --> 4,
                     <!-- num meshes   --> 2,
                     <!-- bounding box -->  1.7748499,   2.0494213,    3.0747757,
                                           -1.7748494,  -2.0494184,   -3.0747776,
                     <!-- center       --> -0.14040184, -0.035547018,  0.34747219,
                     <!-- radius       --> 3.4972148
                  </VMeshRef>
               </VMeshPart>
            </Level2>
         </MultiLevel>
         <VMeshWire include="bm_pi_fr_cmp\port_engine_lod1.vwd.xml"/>
         <Hardpoints>
            <Fixed>
               <HpEngine01>
                  <Position type="Vector">-0.0037465096, -0.028148174, 2.351223</Position>
                  <Orientation type="Matrix">
                       1.0000000000,  888.17842e-18, -444.08921e-18,
                     -888.17842e-18,   1.0000000000,   0.0000000000,
                     -444.08926e-18,   0.0000000000,   1.0000000000
                  </Orientation>
               </HpEngine01>
               <HpEngineGlow>
                  <Position type="Vector">4.0716124, -0.028148174, 8.9560204</Position>
                  <Orientation type="Matrix">
                       1.0000000000,  888.17842e-18, -444.08921e-18,
                     -888.17842e-18,   1.0000000000,   0.0000000000,
                     -444.08926e-18,   0.0000000000,   1.0000000000
                  </Orientation>
               </HpEngineGlow>
            </Fixed>
            <Revolute>
               <HpTurret03>
                  <Position type="Vector">-0.66195202, 1.210817, -0.79919291</Position>
                  <Orientation type="Matrix">
                       0.8660254500,  -0.5000000000,  18.284894e-09,
                       0.5000000000,   0.8660254500, -31.670368e-09,
                       0.0000000000,  36.569787e-09,   1.0000000000
                  </Orientation>
                  <Axis type="Vector">0, 1, 0</Axis>
                  <Min type="float">-0.08727</Min>
                  <Max type="float">3.1415799</Max>
               </HpTurret03>
            </Revolute>
         </Hardpoints>
      </port_engine_lod1240428073207.3db>
      <starboard_engine_lod1240428073207.3db>
         <MultiLevel>
            <Switch2 type="float array" count="4">
               0,
               100,
               1000,
               1000000
            </Switch2>
            <Level0>
               <VMeshPart>
                  <VMeshRef type="VMeshRef">
                     <!-- header size  --> 60,
                     <!-- vmesh lib    --> bm_pi_fr.lod0-112.vms,
                     <!-- start vert   --> 1328,
                     <!-- num verts    --> 294,
                     <!-- start index  --> 2310,
                     <!-- num indices  --> 480,
                     <!-- start mesh   --> 8,
                     <!-- num meshes   --> 4,
                     <!-- bounding box -->  1.7748504,   2.0496614,    3.0747766,
                                           -2.4555588,  -2.0494208,   -3.6163921,
                     <!-- center       --> -0.27243137, -0.025041342, -0.19401836,
                     <!-- radius       --> 4.033
                  </VMeshRef>
               </VMeshPart>
            </Level0>
            <Level1>
               <VMeshPart>
                  <VMeshRef type="VMeshRef">
                     <!-- header size  --> 60,
                     <!-- vmesh lib    --> bm_pi_fr.lod1-112.vms,
                     <!-- start vert   --> 924,
                     <!-- num verts    --> 240,
                     <!-- start index  --> 1401,
                     <!-- num indices  --> 360,
                     <!-- start mesh   --> 7,
                     <!-- num meshes   --> 3,
                     <!-- bounding box -->  1.7748499,   2.0540886,    3.0747757,
                                           -2.4606481,  -2.0494194,   -3.6250868,
                     <!-- center       --> -0.27243137, -0.025041342, -0.19401836,
                     <!-- radius       --> 4.0435076
                  </VMeshRef>
               </VMeshPart>
            </Level1>
            <Level2>
               <VMeshPart>
                  <VMeshRef type="VMeshRef">
                     <!-- header size  --> 60,
                     <!-- vmesh lib    --> bm_pi_fr.lod2-112.vms,
                     <!-- start vert   --> 543,
                     <!-- num verts    --> 162,
                     <!-- start index  --> 750,
                     <!-- num indices  --> 234,
                     <!-- start mesh   --> 6,
                     <!-- num meshes   --> 3,
                     <!-- bounding box -->  1.7748489,   2.0540888,    3.0747776,
                                           -2.4606466,  -2.0494189,   -3.6250858,
                     <!-- center       --> -0.27243137, -0.025041342, -0.19401836,
                     <!-- radius       --> 4.0435061
                  </VMeshRef>
               </VMeshPart>
            </Level2>
         </MultiLevel>
         <VMeshWire include="bm_pi_fr_cmp\starboard_engine_lod1.vwd.xml"/>
         <Hardpoints>
            <Fixed>
               <HpEngine02>
                  <Position type="Vector">-0.011880398, -0.028150082, 2.351223</Position>
                  <Orientation type="Matrix">
                       1.0000000000,  888.17842e-18, -444.08921e-18,
                     -888.17842e-18,   1.0000000000,   0.0000000000,
                     -444.08926e-18,   0.0000000000,   1.0000000000
                  </Orientation>
               </HpEngine02>
            </Fixed>
            <Revolute>
               <HpTurret02>
                  <Position type="Vector">0.67943382, 1.2108161, -0.79919434</Position>
                  <Orientation type="Matrix">
                       0.8660253900,   0.5000000000, -444.08921e-18,
                      -0.5000000000,   0.8660253900,   0.0000000000,
                       0.0000000000,   0.0000000000,   1.0000000000
                  </Orientation>
                  <Axis type="Vector">0, 1, 0</Axis>
                  <Min type="float">-3.1398499</Min>
                  <Max type="float">0.08726</Max>
               </HpTurret02>
            </Revolute>
         </Hardpoints>
      </starboard_engine_lod1240428073207.3db>
      <fins_top_lod1240428073207.3db>
         <MultiLevel>
            <Switch2 type="float array" count="4">
               0,
               100,
               1000,
               1000000
            </Switch2>
            <Level0>
               <VMeshPart>
                  <VMeshRef type="VMeshRef">
                     <!-- header size  --> 60,
                     <!-- vmesh lib    --> bm_pi_fr.lod0-112.vms,
                     <!-- start vert   --> 1622,
                     <!-- num verts    --> 163,
                     <!-- start index  --> 2790,
                     <!-- num indices  --> 216,
                     <!-- start mesh   --> 12,
                     <!-- num meshes   --> 1,
                     <!-- bounding box -->  5.8242044,   3.0724616,   1.6395702,
                                           -0.99081016, -3.0724602,  -1.6395688,
                     <!-- center       -->  2.2761846,  -0.55586338, -0.047187805,
                     <!-- radius       --> 4.3783979
                  </VMeshRef>
               </VMeshPart>
            </Level0>
            <Level1>
               <VMeshPart>
                  <VMeshRef type="VMeshRef">
                     <!-- header size  --> 60,
                     <!-- vmesh lib    --> bm_pi_fr.lod1-112.vms,
                     <!-- start vert   --> 1164,
                     <!-- num verts    --> 100,
                     <!-- start index  --> 1761,
                     <!-- num indices  --> 120,
                     <!-- start mesh   --> 10,
                     <!-- num meshes   --> 1,
                     <!-- bounding box -->  5.8242059,   3.072463,    1.6395702,
                                           -0.99081016, -3.0724602,  -1.6629581,
                     <!-- center       -->  2.2761846,  -0.55586338, -0.047187805,
                     <!-- radius       --> 4.3783994
                  </VMeshRef>
               </VMeshPart>
            </Level1>
            <Level2>
               <VMeshPart>
                  <VMeshRef type="VMeshRef">
                     <!-- header size  --> 60,
                     <!-- vmesh lib    --> bm_pi_fr.lod2-112.vms,
                     <!-- start vert   --> 705,
                     <!-- num verts    --> 80,
                     <!-- start index  --> 984,
                     <!-- num indices  --> 84,
                     <!-- start mesh   --> 9,
                     <!-- num meshes   --> 1,
                     <!-- bounding box -->  5.8242064,   3.0724626,   1.6395712,
                                           -0.99081016, -3.0724602,  -1.6629581,
                     <!-- center       -->  2.2761846,  -0.55586338, -0.047187805,
                     <!-- radius       --> 4.3783989
                  </VMeshRef>
               </VMeshPart>
            </Level2>
         </MultiLevel>
         <VMeshWire include="bm_pi_fr_cmp\fins_top_lod1.vwd.xml"/>
         <Hardpoints>
            <Fixed>
               <HpDocklight01>
                  <Position type="Vector">4.2534895, 3.0671921, 1.3678761</Position>
                  <Orientation type="Matrix">
                      -1.0000000000, -87.445315e-09,  325.84137e-09,
                     -87.445315e-09,   1.0000000000,   0.0000000000,
                     -325.84137e-09, -31.974423e-15,  -1.0000000000
                  </Orientation>
               </HpDocklight01>
               <HpDocklight02>
                  <Position type="Vector">0.77707624, 3.0671921, 1.368084</Position>
                  <Orientation type="Matrix">
                      -1.0000000000, -46.980986e-09,  325.84137e-09,
                     -46.981000e-09,   1.0000000000, -28.496792e-09,
                     -325.84137e-09, -28.496810e-09,  -1.0000000000
                  </Orientation>
               </HpDocklight02>
               <HpRunningLight01>
                  <Position type="Vector">0.77707577, 3.1213665, -0.35269022</Position>
                  <Orientation type="Matrix">
                      -1.0000000000, -46.981022e-09, -150.99580e-09,
                     -46.981018e-09,   1.0000000000, -28.496775e-09,
                      150.99580e-09, -28.496775e-09,  -1.0000000000
                  </Orientation>
               </HpRunningLight01>
               <HpRunningLight02>
                  <Position type="Vector">4.2534895, 3.1213665, -0.35289669</Position>
                  <Orientation type="Matrix">
                      -1.0000000000, -72.567218e-09, -150.99580e-09,
                     -72.567218e-09,   1.0000000000,   0.0000000000,
                      150.99582e-09,  10.658141e-15,  -1.0000000000
                  </Orientation>
               </HpRunningLight02>
            </Fixed>
         </Hardpoints>
      </fins_top_lod1240428073207.3db>
      <starboard_wing_lod1240428073207.3db>
         <MultiLevel>
            <Switch2 type="float array" count="4">
               0,
               100,
               1000,
               1000000
            </Switch2>
            <Level0>
               <VMeshPart>
                  <VMeshRef type="VMeshRef">
                     <!-- header size  --> 60,
                     <!-- vmesh lib    --> bm_pi_fr.lod0-112.vms,
                     <!-- start vert   --> 1785,
                     <!-- num verts    --> 103,
                     <!-- start index  --> 3006,
                     <!-- num indices  --> 189,
                     <!-- start mesh   --> 13,
                     <!-- num meshes   --> 2,
                     <!-- bounding box -->  1.1010303,  4.177032,   2.6435058,
                                           -3.4882357, -3.5994339, -2.0831618,
                     <!-- center       --> -1.1916366,  0.2854681,  0.27631134,
                     <!-- radius       --> 4.687252
                  </VMeshRef>
               </VMeshPart>
            </Level0>
            <Level1>
               <VMeshPart>
                  <VMeshRef type="VMeshRef">
                     <!-- header size  --> 60,
                     <!-- vmesh lib    --> bm_pi_fr.lod1-112.vms,
                     <!-- start vert   --> 1264,
                     <!-- num verts    --> 54,
                     <!-- start index  --> 1881,
                     <!-- num indices  --> 90,
                     <!-- start mesh   --> 11,
                     <!-- num meshes   --> 2,
                     <!-- bounding box -->  1.1010308,  3.5994339,  2.0831614,
                                           -1.1010315, -3.599432,  -2.0831628,
                     <!-- center       --> -1.1916366,  0.2854681,  0.27631134,
                     <!-- radius       --> 4.687242
                  </VMeshRef>
               </VMeshPart>
            </Level1>
            <Level2>
               <VMeshPart>
                  <VMeshRef type="VMeshRef">
                     <!-- header size  --> 60,
                     <!-- vmesh lib    --> bm_pi_fr.lod2-112.vms,
                     <!-- start vert   --> 785,
                     <!-- num verts    --> 23,
                     <!-- start index  --> 1068,
                     <!-- num indices  --> 30,
                     <!-- start mesh   --> 10,
                     <!-- num meshes   --> 2,
                     <!-- bounding box -->  0.87825871,  3.5994341,  2.0706902,
                                           -1.1010318,  -3.599432,  -2.083163,
                     <!-- center       --> -1.1916366,   0.2854681,  0.27631134,
                     <!-- radius       --> 4.5823994
                  </VMeshRef>
               </VMeshPart>
            </Level2>
         </MultiLevel>
         <VMeshWire include="bm_pi_fr_cmp\starboard_wing_lod1.vwd.xml"/>
         <Hardpoints>
            <Fixed>
               <HpContrail01>
                  <Position type="Vector">1.1071711, -3.5996532, -0.99689436</Position>
                  <Orientation type="Matrix">
                       1.0000000000,   0.0000000000, -444.08921e-18,
                       0.0000000000,   1.0000000000,   0.0000000000,
                     -444.08921e-18,   0.0000000000,   1.0000000000
                  </Orientation>
               </HpContrail01>
               <HpRunningLight06>
                  <Position type="Vector">0.84155369, -3.835103, -1.2168837</Position>
                  <Orientation type="Matrix">
                      -0.7071067700, -72.527662e-09,  -0.7071067700,
                     -51.099089e-09,   1.0000000000, -51.470515e-09,
