<?xml version="1.0" encoding="ISO-8859-1"?>
<!-- XML generated by UTFXML Version 2.2 built 19-Aug-2010 -->
<UTFXML filename="bm_prison_liner.cmp" path="BMOD\SOLAR\DOCKABLE">
   <UTF_ROOT>
      <VMeshLibrary>
         <bm_prison_liner.lod0-112.vms include="bm_prison_liner_cmp\lod0-112.vms.xml"/>
         <bm_prison_liner.lod1-112.vms include="bm_prison_liner_cmp\lod1-112.vms.xml"/>
         <bm_prison_liner.lod2-112.vms include="bm_prison_liner_cmp\lod2-112.vms.xml"/>
         <bm_prison_liner.lod3-112.vms include="bm_prison_liner_cmp\lod3-112.vms.xml"/>
         <bm_prison_liner.lod4-112.vms include="bm_prison_liner_cmp\lod4-112.vms.xml"/>
         <bm_prison_liner.lod5-112.vms include="bm_prison_liner_cmp\lod5-112.vms.xml"/>
         <bm_prison_liner.lod6-112.vms include="bm_prison_liner_cmp\lod6-112.vms.xml"/>
      </VMeshLibrary>
      <Animation include="bm_prison_liner_cmp\Animation.xml"/>
      <Exporter_Version name="Exporter Version" type="text">MAXLancer Tools 0.97</Exporter_Version>
      <Cmpnd>
         <Cons>
            <Fix type="Fix" count="4">
               <part>
                  <!-- parent      --> "Root",
                  <!-- child       --> "prison_frnt_lod1",
                  <!-- position    --> 0.0079995804, -0.53901637, -161.68799,
                  <!-- orientation -->   1.0000000000, -9.9517505e-09,  11.301428e-09,
                                        9.9517479e-09,   1.0000000000,  200.88618e-09,
                                       -11.301430e-09, -200.88618e-09,   1.0000000000
               </part>
               <part>
                  <!-- parent      --> "Root",
                  <!-- child       --> "prison_mid_lod1",
                  <!-- position    --> -204.47946e-9, -2.1810069, -72.067001,
                  <!-- orientation -->   1.0000000000,  432.51119e-12,  14.594494e-09,
                                       -432.51117e-12,   1.0000000000, -2.7189131e-09,
                                       -14.594494e-09,  2.7189131e-09,   1.0000000000
               </part>
               <part>
                  <!-- parent      --> "Root",
                  <!-- child       --> "prison_rear_lod1",
                  <!-- position    --> -76.962468e-6, -2.3757541, 53.598999,
                  <!-- orientation -->   1.0000000000,  7.4409465e-09,  71.809112e-09,
                                       -7.4409532e-09,   1.0000000000,  93.310646e-09,
                                       -71.809112e-09, -93.310646e-09,   1.0000000000
               </part>
               <part>
                  <!-- parent      --> "Root",
                  <!-- child       --> "prison_reactor_lod1",
                  <!-- position    --> 210.53049e-9, -2.3759902, 90.638268,
                  <!-- orientation -->   1.0000000000,  202.69259e-09, -28.515460e-09,
                                       -202.69259e-09,   1.0000000000,  241.86028e-09,
                                        28.515510e-09, -241.86028e-09,   1.0000000000
               </part>
            </Fix>
            <Rev type="Rev" count="2">
               <part>
                  <!-- parent      --> "baypoly_lod1",
                  <!-- child       --> "baydoor01_lod1",
                  <!-- position    --> -20.140509, -7.6424069, -26.614843,
                  <!-- offset      --> 0, 0, 0,
                  <!-- orientation -->  -1.0000000000,  26.651561e-09, -88.629427e-09,
                                        22.760277e-09,   0.9990482300,   0.0436188950,
                                        89.707584e-09,   0.0436188950,  -0.9990482300,
                  <!-- axis        --> -100.29986e-09,   0.0436190810,  -0.9990482300,
                  <!-- min, max    --> 0, 1.5707899
               </part>
               <part>
                  <!-- parent      --> "baypoly_lod1",
                  <!-- child       --> "baydoor02_lod1",
                  <!-- position    --> 11.485083, -7.6424069, -26.614851,
                  <!-- offset      --> 0, 0, 0,
                  <!-- orientation -->   1.0000000000,  74.406145e-09, -122.34459e-09,
                                       -79.671935e-09,   0.9990482300,  -0.0436194840,
                                        118.98258e-09,   0.0436194840,   0.9990482300,
                  <!-- axis        -->  4.6613535e-09,  -0.0436194760,   0.9990482300,
                  <!-- min, max    --> 0, 1.5707899
               </part>
            </Rev>
            <Pris type="Rev" count="1">
               <part>
                  <!-- parent      --> "prison_mid_lod1",
                  <!-- child       --> "baypoly_lod1",
                  <!-- position    --> 4.3996139, -14.853535, 19.988024,
                  <!-- offset      --> 0, 0, 0,
                  <!-- orientation -->   1.0000000000, -2.5860123e-09, -8.7111935e-09,
                                        2.5860125e-09,   1.0000000000,  36.852036e-09,
                                        8.7111935e-09, -36.852036e-09,   1.0000000000,
                  <!-- axis        --> -8.6183221e-09,   1.0000000000, -83.932470e-09,
                  <!-- min, max    --> 0, 15.746464
               </part>
            </Pris>
         </Cons>
         <Part_prison_frnt_lod1>
            <Object_name name="Object name" type="text">prison_frnt_lod1</Object_name>
            <Index type="int">0</Index>
            <File_name name="File name" type="text">prison_frnt_lod1231209152722.3db</File_name>
         </Part_prison_frnt_lod1>
         <Part_prison_mid_lod1>
            <Object_name name="Object name" type="text">prison_mid_lod1</Object_name>
            <Index type="int">0</Index>
            <File_name name="File name" type="text">prison_mid_lod1231209152722.3db</File_name>
         </Part_prison_mid_lod1>
         <Part_baypoly_lod1>
            <Object_name name="Object name" type="text">baypoly_lod1</Object_name>
            <Index type="int">0</Index>
            <File_name name="File name" type="text">baypoly_lod1231209152722.3db</File_name>
         </Part_baypoly_lod1>
         <Part_baydoor01_lod1>
            <Object_name name="Object name" type="text">baydoor01_lod1</Object_name>
            <Index type="int">0</Index>
            <File_name name="File name" type="text">baydoor01_lod1231209152722.3db</File_name>
         </Part_baydoor01_lod1>
         <Part_baydoor02_lod1>
            <Object_name name="Object name" type="text">baydoor02_lod1</Object_name>
            <Index type="int">0</Index>
            <File_name name="File name" type="text">baydoor02_lod1231209152722.3db</File_name>
         </Part_baydoor02_lod1>
         <Part_prison_rear_lod1>
            <Object_name name="Object name" type="text">prison_rear_lod1</Object_name>
            <Index type="int">0</Index>
            <File_name name="File name" type="text">prison_rear_lod1231209152722.3db</File_name>
         </Part_prison_rear_lod1>
         <Part_prison_reactor_lod1>
            <Object_name name="Object name" type="text">prison_reactor_lod1</Object_name>
            <Index type="int">0</Index>
            <File_name name="File name" type="text">prison_reactor_lod1231209152722.3db</File_name>
         </Part_prison_reactor_lod1>
         <Root>
            <Object_name name="Object name" type="text">Root</Object_name>
            <Index type="int">0</Index>
            <File_name name="File name" type="text">bm_prison_liner231209152722.3db</File_name>
         </Root>
      </Cmpnd>
      <bm_prison_liner231209152722.3db>
         <MultiLevel>
            <Switch2 type="float array" count="8">
               0,
               100,
               1000,
               10000,
               100000,
               0x00000001,
               0x0013E7AC,
               1000000
            </Switch2>
            <Level0>
               <VMeshPart>
                  <VMeshRef type="VMeshRef">
                     <!-- header size  --> 60,
                     <!-- vmesh lib    --> bm_prison_liner.lod0-112.vms,
                     <!-- start vert   --> 0,
                     <!-- num verts    --> 1851,
                     <!-- start index  --> 0,
                     <!-- num indices  --> 3009,
                     <!-- start mesh   --> 0,
                     <!-- num meshes   --> 7,
                     <!-- bounding box -->  14.135666,   25.129391,   37.433895,
                                           -14.135807,  -20.458099,  -65.337051,
                     <!-- center       -->   0.2069169,   1.8335669, -12.685697,
                     <!-- radius       --> 55.074799
                  </VMeshRef>
               </VMeshPart>
            </Level0>
            <Level1>
               <VMeshPart>
                  <VMeshRef type="VMeshRef">
                     <!-- header size  --> 60,
                     <!-- vmesh lib    --> bm_prison_liner.lod1-112.vms,
                     <!-- start vert   --> 0,
                     <!-- num verts    --> 1421,
                     <!-- start index  --> 0,
                     <!-- num indices  --> 2058,
                     <!-- start mesh   --> 0,
                     <!-- num meshes   --> 7,
                     <!-- bounding box -->  14.147901,   25.129393,   37.433929,
                                           -14.134416,  -20.45808,   -65.337044,
                     <!-- center       -->   0.2069169,   1.8335669, -12.685697,
                     <!-- radius       --> 55.074791
                  </VMeshRef>
               </VMeshPart>
            </Level1>
            <Level2>
               <VMeshPart>
                  <VMeshRef type="VMeshRef">
                     <!-- header size  --> 60,
                     <!-- vmesh lib    --> bm_prison_liner.lod2-112.vms,
                     <!-- start vert   --> 0,
                     <!-- num verts    --> 646,
                     <!-- start index  --> 0,
                     <!-- num indices  --> 867,
                     <!-- start mesh   --> 0,
                     <!-- num meshes   --> 7,
                     <!-- bounding box -->  14.147899,   25.129393,   37.434055,
                                           -14.134416,  -20.45808,   -65.336922,
                     <!-- center       -->   0.2069169,   1.8335669, -12.685697,
                     <!-- radius       --> 55.074398
                  </VMeshRef>
               </VMeshPart>
            </Level2>
            <Level3>
               <VMeshPart>
                  <VMeshRef type="VMeshRef">
                     <!-- header size  --> 60,
                     <!-- vmesh lib    --> bm_prison_liner.lod3-112.vms,
                     <!-- start vert   --> 0,
                     <!-- num verts    --> 358,
                     <!-- start index  --> 0,
                     <!-- num indices  --> 495,
                     <!-- start mesh   --> 0,
                     <!-- num meshes   --> 4,
                     <!-- bounding box -->  14.147899,   25.129389,   37.433929,
                                           -14.134416,  -20.458084,  -65.33709,
                     <!-- center       -->   0.2069169,   1.8335669, -12.685697,
                     <!-- radius       --> 55.074558
                  </VMeshRef>
               </VMeshPart>
            </Level3>
            <Level4>
               <VMeshPart>
                  <VMeshRef type="VMeshRef">
                     <!-- header size  --> 60,
                     <!-- vmesh lib    --> bm_prison_liner.lod4-112.vms,
                     <!-- start vert   --> 0,
                     <!-- num verts    --> 231,
                     <!-- start index  --> 0,
                     <!-- num indices  --> 300,
                     <!-- start mesh   --> 0,
                     <!-- num meshes   --> 4,
                     <!-- bounding box -->  11.429242,   25.129433,   37.433929,
                                           -11.415766,  -20.458084,  -62.383034,
                     <!-- center       -->   0.2069169,   1.8335669, -12.685697,
                     <!-- radius       --> 55.049625
                  </VMeshRef>
               </VMeshPart>
            </Level4>
            <Level5>
               <VMeshPart>
                  <VMeshRef type="VMeshRef">
                     <!-- header size  --> 60,
                     <!-- vmesh lib    --> bm_prison_liner.lod5-112.vms,
                     <!-- start vert   --> 0,
                     <!-- num verts    --> 140,
                     <!-- start index  --> 0,
                     <!-- num indices  --> 174,
                     <!-- start mesh   --> 0,
                     <!-- num meshes   --> 2,
                     <!-- bounding box -->  11.041559,   25.129501,   37.433929,
                                           -11.028079,  -20.458086,  -62.186089,
                     <!-- center       -->   0.2069169,   1.8335669, -12.685697,
                     <!-- radius       --> 55.049625
                  </VMeshRef>
               </VMeshPart>
            </Level5>
            <Level6>
               <VMeshPart>
                  <VMeshRef type="VMeshRef">
                     <!-- header size  --> 60,
                     <!-- vmesh lib    --> bm_prison_liner.lod6-112.vms,
                     <!-- start vert   --> 0,
                     <!-- num verts    --> 71,
                     <!-- start index  --> 0,
                     <!-- num indices  --> 81,
                     <!-- start mesh   --> 0,
                     <!-- num meshes   --> 2,
                     <!-- bounding box -->  11.041559,   25.129501,   37.524372,
                                           -11.028079,  -20.458086,  -54.616268,
                     <!-- center       -->   0.2069169,   1.8335669, -12.685697,
                     <!-- radius       --> 55.132008
                  </VMeshRef>
               </VMeshPart>
            </Level6>
         </MultiLevel>
         <VMeshWire include="bm_prison_liner_cmp\bm_prison_liner.vwd.xml"/>
         <Hardpoints>
            <Fixed>
               <DpMid>
                  <Position type="Vector">0.0099969096, -1.2570101, -35.535671</Position>
                  <Orientation type="Matrix">
                      -1.0000000000, -8.3614262e-09, -150.99580e-09,
                     -8.3614209e-09,   1.0000000000, -36.977895e-09,
                      150.99580e-09, -36.977895e-09,  -1.0000000000
                  </Orientation>
               </DpMid>
               <DpRear>
                  <Position type="Vector">0.009999048, -1.2570078, 25.080441</Position>
                  <Orientation type="Matrix">
                      -1.0000000000, -8.3270653e-09, -150.99580e-09,
                     -8.3270653e-09,   1.0000000000,   0.0000000000,
                      150.99580e-09,  1.2573519e-15,  -1.0000000000
                  </Orientation>
               </DpRear>
               <HpDockCamA>
                  <Position type="Vector">-40.806919, -69.540993, -104.08674</Position>
                  <Orientation type="Matrix">
                      -0.5976342600,  -0.2414563600,  -0.7645468100,
                       0.2618267200,   0.8425217300,  -0.4707479500,
                       0.7578123200,  -0.4815140100,  -0.4403003800
                  </Orientation>
               </HpDockCamA>
               <HpLaunchCamA>
                  <Position type="Vector">-0.06388659, -0.65793294, -91.72702</Position>
                  <Orientation type="Matrix">
                      -0.9999930300,  -0.0037221997,  382.00582e-06,
                      -0.0013043662,   0.4424626800,   0.8967859700,
                      -0.0035070397,   0.8967792400,  -0.4424644400
                  </Orientation>
               </HpLaunchCamA>
               <HpMount>
                  <Position type="Vector">-0.062288918, 0.59876937, -227.10178</Position>
                  <Orientation type="Matrix">
                       1.0000000000, -20.849032e-15,  43.723588e-09,
                       0.0000000000,   1.0000000000,  476.83716e-09,
                     -43.723588e-09, -476.83716e-09,   1.0000000000
                  </Orientation>
               </HpMount>
               <HpRunningLight08>
                  <Position type="Vector">-7.7943196, 23.823584, -53.063248</Position>
                  <Orientation type="Matrix">
                       0.7071067100,  22.027219e-09,   0.7071068300,
                     -1.7763568e-15,   1.0000000000, -31.151188e-09,
                      -0.7071068300,  22.027212e-09,   0.7071067100
                  </Orientation>
               </HpRunningLight08>
               <HpRunningLight09>
                  <Position type="Vector">-7.3686876, 23.856115, -30.114182</Position>
                  <Orientation type="Matrix">
                       0.7071068900,  21.839146e-09,  -0.7071066500,
                     -30.885211e-09,   1.0000000000, -888.17842e-18,
                       0.7071066500,  21.839138e-09,   0.7071068900
                  </Orientation>
               </HpRunningLight09>
               <HpRunningLight15>
                  <Position type="Vector">8.5337648, 23.856115, -30.114185</Position>
                  <Orientation type="Matrix">
                      -0.7071067700, -32.064687e-09,  -0.7071067700,
                     -45.346315e-09,   1.0000000000,   0.0000000000,
                       0.7071067700,  32.064687e-09,  -0.7071067700
                  </Orientation>
               </HpRunningLight15>
               <HpRunningLight16>
                  <Position type="Vector">8.1081324, 23.823584, -53.063248</Position>
                  <Orientation type="Matrix">
                       0.7071068900,  21.839146e-09,  -0.7071066500,
                     -30.885211e-09,   1.0000000000, -888.17842e-18,
                       0.7071066500,  21.839138e-09,   0.7071068900
                  </Orientation>
               </HpRunningLight16>
               <HpTractor_Source>
                  <Position type="Vector">-0.062288918, 0.59876937, -227.10178</Position>
                  <Orientation type="Matrix">
                       1.0000000000, -20.849032e-15,  43.723588e-09,
                       0.0000000000,   1.0000000000,  476.83716e-09,
                     -43.723588e-09, -476.83716e-09,   1.0000000000
                  </Orientation>
               </HpTractor_Source>
            </Fixed>
            <Revolute>
               <HpFx11>
                  <Position type="Vector">-0.12693964, 20.089321, -63.427956</Position>
                  <Orientation type="Matrix">
                       0.9999670400,  3.8707668e-09,  -0.0081175864,
                       0.0000000000,   1.0000000000,  476.83716e-09,
                       0.0081175864, -476.82144e-09,   0.9999670400
                  </Orientation>
                  <Axis type="Vector">0, 1, 0</Axis>
                  <Min type="float">-1.5707999</Min>
                  <Max type="float">3.0543098</Max>
               </HpFx11>
               <HpFx12>
                  <Position type="Vector">12.263547, 11.193093, -63.327366</Position>
                  <Orientation type="Matrix">
                       0.9999670400,  3.8707668e-09,  -0.0081175864,
                       0.0000000000,   1.0000000000,  476.83716e-09,
                       0.0081175864, -476.82144e-09,   0.9999670400
                  </Orientation>
                  <Axis type="Vector">0, 1, 0</Axis>
                  <Min type="float">-1.5707999</Min>
                  <Max type="float">3.0543098</Max>
               </HpFx12>
               <HpFx13>
                  <Position type="Vector">13.788651, -2.5546157, -63.314983</Position>
                  <Orientation type="Matrix">
                       0.9999670400,  3.8707668e-09,  -0.0081175864,
                       0.0000000000,   1.0000000000,  476.83716e-09,
                       0.0081175864, -476.82144e-09,   0.9999670400
                  </Orientation>
                  <Axis type="Vector">0, 1, 0</Axis>
                  <Min type="float">-1.5707999</Min>
                  <Max type="float">3.0543098</Max>
               </HpFx13>
               <HpFx14>
                  <Position type="Vector">15.418572, -20.433956, -53.262394</Position>
                  <Orientation type="Matrix">
                       0.9999670400,  3.8707668e-09,  -0.0081175864,
                       0.0000000000,   1.0000000000,  476.83716e-09,
                       0.0081175864, -476.82144e-09,   0.9999670400
                  </Orientation>
                  <Axis type="Vector">0, 1, 0</Axis>
                  <Min type="float">-1.5707999</Min>
                  <Max type="float">3.0543098</Max>
               </HpFx14>
               <HpFx15>
                  <Position type="Vector">-0.10679073, -22.159735, -53.388432</Position>
                  <Orientation type="Matrix">
                       0.9999670400,  3.8707668e-09,  -0.0081175864,
                       0.0000000000,   1.0000000000,  476.83716e-09,
                       0.0081175864, -476.82144e-09,   0.9999670400
                  </Orientation>
                  <Axis type="Vector">0, 1, 0</Axis>
                  <Min type="float">-1.5707999</Min>
                  <Max type="float">3.0543098</Max>
               </HpFx15>
               <HpFx16>
                  <Position type="Vector">-14.060825, -20.339722, -53.501705</Position>
                  <Orientation type="Matrix">
                       0.9999670400,  3.8707668e-09,  -0.0081175864,
                       0.0000000000,   1.0000000000,  476.83716e-09,
                       0.0081175864, -476.82144e-09,   0.9999670400
                  </Orientation>
                  <Axis type="Vector">0, 1, 0</Axis>
                  <Min type="float">-1.5707999</Min>
                  <Max type="float">3.0543098</Max>
               </HpFx16>
               <HpFx17>
                  <Position type="Vector">-15.154811, -10.7752, -53.510586</Position>
                  <Orientation type="Matrix">
                       0.9999670400,  3.8707668e-09,  -0.0081175864,
                       0.0000000000,   1.0000000000,  476.83716e-09,
                       0.0081175864, -476.82144e-09,   0.9999670400
                  </Orientation>
                  <Axis type="Vector">0, 1, 0</Axis>
                  <Min type="float">-1.5707999</Min>
                  <Max type="float">3.0543098</Max>
               </HpFx17>
               <HpFx18>
                  <Position type="Vector">-13.065178, 0.98279351, -44.800526</Position>
                  <Orientation type="Matrix">
                       0.9999670400,  3.8707668e-09,  -0.0081175864,
                       0.0000000000,   1.0000000000,  476.83716e-09,
                       0.0081175864, -476.82144e-09,   0.9999670400
                  </Orientation>
                  <Axis type="Vector">0, 1, 0</Axis>
                  <Min type="float">-1.5707999</Min>
                  <Max type="float">3.0543098</Max>
               </HpFx18>
               <HpFx19>
                  <Position type="Vector">-10.926166, 14.044059, -61.422695</Position>
                  <Orientation type="Matrix">
                       0.9999670400,  3.8707668e-09,  -0.0081175864,
                       0.0000000000,   1.0000000000,  476.83716e-09,
                       0.0081175864, -476.82144e-09,   0.9999670400
                  </Orientation>
                  <Axis type="Vector">0, 1, 0</Axis>
                  <Min type="float">-1.5707999</Min>
                  <Max type="float">3.0543098</Max>
               </HpFx19>
               <HpFx20>
                  <Position type="Vector">0.05277909, -1.2593942, -76.477592</Position>
                  <Orientation type="Matrix">
                       0.9999670400,  3.8707668e-09,  -0.0081175864,
                       0.0000000000,   1.0000000000,  476.83716e-09,
                       0.0081175864, -476.82144e-09,   0.9999670400
                  </Orientation>
                  <Axis type="Vector">0, 1, 0</Axis>
                  <Min type="float">-1.5707999</Min>
                  <Max type="float">3.0543098</Max>
               </HpFx20>
               <HpFx21>
                  <Position type="Vector">11.556736, -20.433931, 40.372044</Position>
                  <Orientation type="Matrix">
                       0.9999670400,  3.8707668e-09,  -0.0081175864,
                       0.0000000000,   1.0000000000,  476.83716e-09,
                       0.0081175864, -476.82144e-09,   0.9999670400
                  </Orientation>
                  <Axis type="Vector">0, 1, 0</Axis>
                  <Min type="float">-1.5707999</Min>
                  <Max type="float">3.0543098</Max>
               </HpFx21>
               <HpFx22>
                  <Position type="Vector">11.55673, 10.788806, 40.372036</Position>
                  <Orientation type="Matrix">
                       0.9999670400,  3.8707668e-09,  -0.0081175864,
                       0.0000000000,   1.0000000000,  476.83716e-09,
                       0.0081175864, -476.82144e-09,   0.9999670400
                  </Orientation>
                  <Axis type="Vector">0, 1, 0</Axis>
                  <Min type="float">-1.5707999</Min>
                  <Max type="float">3.0543098</Max>
               </HpFx22>
               <HpFx23>
                  <Position type="Vector">-11.314167, 10.788803, 40.186375</Position>
                  <Orientation type="Matrix">
                       0.9999670400,  3.8707668e-09,  -0.0081175864,
                       0.0000000000,   1.0000000000,  476.83716e-09,
                       0.0081175864, -476.82144e-09,   0.9999670400
                  </Orientation>
                  <Axis type="Vector">0, 1, 0</Axis>
                  <Min type="float">-1.5707999</Min>
                  <Max type="float">3.0543098</Max>
               </HpFx23>
               <HpFx24>
                  <Position type="Vector">-11.314162, -13.950554, 40.186378</Position>
                  <Orientation type="Matrix">
                       0.9999670400,  3.8707668e-09,  -0.0081175864,
                       0.0000000000,   1.0000000000,  476.83716e-09,
                       0.0081175864, -476.82144e-09,   0.9999670400
                  </Orientation>
                  <Axis type="Vector">0, 1, 0</Axis>
                  <Min type="float">-1.5707999</Min>
                  <Max type="float">3.0543098</Max>
               </HpFx24>
               <HpFx25>
                  <Position type="Vector">-0.10664764, 0.028021906, 51.61055</Position>
                  <Orientation type="Matrix">
                       0.9999670400,  3.8707668e-09,  -0.0081175864,
                       0.0000000000,   1.0000000000,  476.83716e-09,
                       0.0081175864, -476.82144e-09,   0.9999670400
                  </Orientation>
                  <Axis type="Vector">0, 1, 0</Axis>
                  <Min type="float">-1.5707999</Min>
                  <Max type="float">3.0543098</Max>
               </HpFx25>
               <HpTurret_Prison_06>
                  <Position type="Vector">0.02110789, 25.129505, -41.543545</Position>
                  <Orientation type="Matrix">
                       1.0000000000,   0.0000000000,   0.0000000000,
                       0.0000000000,   1.0000000000,  476.83716e-09,
                       0.0000000000, -476.83716e-09,   1.0000000000
                  </Orientation>
                  <Axis type="Vector">0, 1, 0</Axis>
                  <Min type="float">-6.2831855</Min>
                  <Max type="float">6.2831855</Max>
               </HpTurret_Prison_06>
            </Revolute>
         </Hardpoints>
      </bm_prison_liner231209152722.3db>
      <prison_frnt_lod1231209152722.3db>
         <MultiLevel>
            <Switch2 type="float array" count="8">
               0,
               100,
               1000,
               10000,
               100000,
               0x00000001,
               0x0013E7AC,
               1000000
            </Switch2>
            <Level0>
               <VMeshPart>
                  <VMeshRef type="VMeshRef">
                     <!-- header size  --> 60,
                     <!-- vmesh lib    --> bm_prison_liner.lod0-112.vms,
                     <!-- start vert   --> 1851,
                     <!-- num verts    --> 1057,
                     <!-- start index  --> 3009,
                     <!-- num indices  --> 1842,
                     <!-- start mesh   --> 7,
                     <!-- num meshes   --> 8,
                     <!-- bounding box -->  16.145779,    21.292412,   55.407143,
                                           -16.145771,   -21.281519,  -55.407959,
                     <!-- center       -->  -0.70390189,  -1.0062194,   1.1152496,
                     <!-- radius       --> 59.09119
                  </VMeshRef>
               </VMeshPart>
            </Level0>
            <Level1>
               <VMeshPart>
                  <VMeshRef type="VMeshRef">
                     <!-- header size  --> 60,
                     <!-- vmesh lib    --> bm_prison_liner.lod1-112.vms,
                     <!-- start vert   --> 1421,
                     <!-- num verts    --> 694,
                     <!-- start index  --> 2058,
                     <!-- num indices  --> 1179,
                     <!-- start mesh   --> 7,
                     <!-- num meshes   --> 7,
                     <!-- bounding box -->  16.146782,    21.292204,   55.407143,
                                           -16.144779,   -21.28171,   -55.407959,
                     <!-- center       -->  -0.70390189,  -1.0062194,   1.1152496,
                     <!-- radius       --> 59.091347
                  </VMeshRef>
               </VMeshPart>
            </Level1>
            <Level2>
               <VMeshPart>
                  <VMeshRef type="VMeshRef">
                     <!-- header size  --> 60,
                     <!-- vmesh lib    --> bm_prison_liner.lod2-112.vms,
                     <!-- start vert   --> 646,
                     <!-- num verts    --> 589,
                     <!-- start index  --> 867,
                     <!-- num indices  --> 765,
                     <!-- start mesh   --> 7,
                     <!-- num meshes   --> 4,
                     <!-- bounding box -->  16.058491,    21.292418,   55.405556,
                                           -16.232624,   -21.281528,  -55.407944,
                     <!-- center       -->  -0.70390189,  -1.0062194,   1.1152496,
                     <!-- radius       --> 59.059818
                  </VMeshRef>
               </VMeshPart>
            </Level2>
            <Level3>
               <VMeshPart>
                  <VMeshRef type="VMeshRef">
                     <!-- header size  --> 60,
                     <!-- vmesh lib    --> bm_prison_liner.lod3-112.vms,
                     <!-- start vert   --> 358,
                     <!-- num verts    --> 291,
                     <!-- start index  --> 495,
                     <!-- num indices  --> 405,
                     <!-- start mesh   --> 4,
                     <!-- num meshes   --> 2,
                     <!-- bounding box -->  16.146559,    21.292198,   55.405548,
                                           -16.144556,   -21.281715,  -55.407959,
                     <!-- center       -->  -0.70390189,  -1.0062194,   1.1152496,
                     <!-- radius       --> 59.080032
                  </VMeshRef>
               </VMeshPart>
            </Level3>
            <Level4>
               <VMeshPart>
                  <VMeshRef type="VMeshRef">
                     <!-- header size  --> 60,
                     <!-- vmesh lib    --> bm_prison_liner.lod4-112.vms,
                     <!-- start vert   --> 231,
                     <!-- num verts    --> 82,
                     <!-- start index  --> 300,
                     <!-- num indices  --> 159,
                     <!-- start mesh   --> 4,
                     <!-- num meshes   --> 1,
                     <!-- bounding box -->  12.839719,    21.292198,   54.923882,
                                           -13.53714,    -21.281773,  -50.24968,
                     <!-- center       -->  -0.70390189,  -1.0062194,   1.1152496,
                     <!-- radius       --> 59.07534
                  </VMeshRef>
               </VMeshPart>
            </Level4>
            <Level5>
               <VMeshPart>
                  <VMeshRef type="VMeshRef">
                     <!-- header size  --> 60,
                     <!-- vmesh lib    --> bm_prison_liner.lod5-112.vms,
                     <!-- start vert   --> 140,
                     <!-- num verts    --> 25,
                     <!-- start index  --> 174,
                     <!-- num indices  --> 57,
                     <!-- start mesh   --> 2,
                     <!-- num meshes   --> 1,
                     <!-- bounding box -->  12.860964,    21.292198,   54.924034,
                                           -12.858958,   -21.281525,  -50.249542,
                     <!-- center       -->  -0.70390189,  -1.0062194,   1.1152496,
                     <!-- radius       --> 59.080246
                  </VMeshRef>
               </VMeshPart>
            </Level5>
            <Level6>
               <VMeshPart>
                  <VMeshRef type="VMeshRef">
                     <!-- header size  --> 60,
                     <!-- vmesh lib    --> bm_prison_liner.lod6-112.vms,
                     <!-- start vert   --> 71,
                     <!-- num verts    --> 21,
                     <!-- start index  --> 81,
                     <!-- num indices  --> 21,
                     <!-- start mesh   --> 2,
                     <!-- num meshes   --> 1,
                     <!-- bounding box -->  12.860964,    21.278036,   54.924034,
                                           -12.858958,   -21.281527,  -51.714005,
                     <!-- center       -->  -0.70390189,  -1.0062194,   1.1152496,
                     <!-- radius       --> 59.080246
                  </VMeshRef>
               </VMeshPart>
            </Level6>
         </MultiLevel>
         <VMeshWire include="bm_prison_liner_cmp\prison_frnt_lod1.vwd.xml"/>
         <Hardpoints>
            <Fixed>
               <DpFrnt>
                  <Position type="Vector">0.0019942001, -0.71800691, 48.243774</Position>
                  <Orientation type="Matrix">
                      -1.0000000000, -510.51430e-12, -150.99580e-09,
                     -510.51430e-12,   1.0000000000,   0.0000000000,
                      150.99580e-09,   0.0000000000,  -1.0000000000
                  </Orientation>
               </DpFrnt>
               <HpRunningLight01>
                  <Position type="Vector">5.1197863, -16.152605, -55.737335</Position>
                  <Orientation type="Matrix">
                       1.0000000000,   0.0000000000,  30.348623e-09,
                     -888.17842e-18,   1.0000000000,   0.0000000000,
                     -30.348623e-09,   0.0000000000,   1.0000000000
                  </Orientation>
               </HpRunningLight01>
               <HpRunningLight02>
                  <Position type="Vector">-5.105063, -16.152605, -55.737335</Position>
                  <Orientation type="Matrix">
                       1.0000000000,   0.0000000000,  30.348623e-09,
                     -888.17842e-18,   1.0000000000,   0.0000000000,
                     -30.348623e-09,   0.0000000000,   1.0000000000
                  </Orientation>
               </HpRunningLight02>
               <HpRunningLight03>
                  <Position type="Vector">-4.9158258, -6.7341218, -52.311798</Position>
                  <Orientation type="Matrix">
                       1.0000000000,   0.0000000000,  30.348623e-09,
                     -888.17842e-18,   1.0000000000,   0.0000000000,
                     -30.348623e-09,   0.0000000000,   1.0000000000
                  </Orientation>
               </HpRunningLight03>
               <HpRunningLight04>
                  <Position type="Vector">4.8932343, -6.7341213, -52.311798</Position>
                  <Orientation type="Matrix">
                       1.0000000000,   0.0000000000,  30.348623e-09,
                     -888.17842e-18,   1.0000000000,   0.0000000000,
                     -30.348623e-09,   0.0000000000,   1.0000000000
                  </Orientation>
               </HpRunningLight04>
               <HpRunningLight05>
                  <Position type="Vector">4.8932343, 1.4502556, -44.500153</Position>
                  <Orientation type="Matrix">
                       1.0000000000,   0.0000000000,  30.348623e-09,
                     -888.17842e-18,   1.0000000000,   0.0000000000,
                     -30.348623e-09,   0.0000000000,   1.0000000000
                  </Orientation>
               </HpRunningLight05>
               <HpRunningLight06>
                  <Position type="Vector">-4.8752646, 1.4502559, -44.500153</Position>
                  <Orientation type="Matrix">
                       1.0000000000,   0.0000000000,  30.348623e-09,
                     -888.17842e-18,   1.0000000000,   0.0000000000,
                     -30.348623e-09,   0.0000000000,   1.0000000000
                  </Orientation>
               </HpRunningLight06>
               <HpRunningLight07>
                  <Position type="Vector">0.0089374501, 22.093552, 31.170105</Position>
                  <Orientation type="Matrix">
                       1.0000000000,  38.777404e-09, -6.8375106e-09,
                     -888.17842e-18,  -0.1736484200,  -0.9848077300,
                     -39.375607e-09,   0.9848077300,  -0.1736484200
                  </Orientation>
               </HpRunningLight07>
            </Fixed>
         </Hardpoints>
      </prison_frnt_lod1231209152722.3db>
      <prison_mid_lod1231209152722.3db>
         <MultiLevel>
            <Switch2 type="float array" count="8">
               0,
               100,
               1000,
               10000,
               100000,
               0x00000001,
               0x0013E7AC,
               1000000
            </Switch2>
            <Level0>
               <VMeshPart>
                  <VMeshRef type="VMeshRef">
                     <!-- header size  --> 60,
                     <!-- vmesh lib    --> bm_prison_liner.lod0-112.vms,
                     <!-- start vert   --> 2908,
                     <!-- num verts    --> 999,
                     <!-- start index  --> 4851,
                     <!-- num indices  --> 1677,
                     <!-- start mesh   --> 15,
                     <!-- num meshes   --> 8,
                     <!-- bounding box -->  24.498161,   22.929077,    34.686234,
                                           -24.801636,  -22.929712,   -34.697144,
                     <!-- center       -->   1.9110502,  -0.90388823,  -1.5629272,
                     <!-- radius       --> 42.802792
                  </VMeshRef>
               </VMeshPart>
            </Level0>
            <Level1>
               <VMeshPart>
                  <VMeshRef type="VMeshRef">
                     <!-- header size  --> 60,
                     <!-- vmesh lib    --> bm_prison_liner.lod1-112.vms,
                     <!-- start vert   --> 2115,
                     <!-- num verts    --> 708,
                     <!-- start index  --> 3237,
                     <!-- num indices  --> 1131,
                     <!-- start mesh   --> 14,
                     <!-- num meshes   --> 9,
                     <!-- bounding box -->  24.495682,   22.923185,    34.68631,
                                           -24.801889,  -22.929621,   -34.697144,
                     <!-- center       -->   1.9110502,  -0.90388823,  -1.5629272,
                     <!-- radius       --> 42.801373
