<?xml version="1.0" encoding="ISO-8859-1"?>
<!-- XML generated by UTFXML Version 2.2 built 19-Aug-2010 -->
<UTFXML filename="bm_prison_liner.cmp" path="BMOD\SOLAR\DOCKABLE">
   <UTF_ROOT>
      <VMeshLibrary>
         <bm_prison_liner.lod0-112.vms include="bm_prison_liner_cmp\lod0-112.vms.xml"/>
         <bm_prison_liner.lod1-112.vms include="bm_prison_liner_cmp\lod1-112.vms.xml"/>
         <bm_prison_liner.lod2-112.vms include="bm_prison_liner_cmp\lod2-112.vms.xml"/>
         <bm_prison_liner.lod3-112.vms include="bm_prison_liner_cmp\lod3-112.vms.xml"/>
         <bm_prison_liner.lod4-112.vms include="bm_prison_liner_cmp\lod4-112.vms.xml"/>
         <bm_prison_liner.lod5-112.vms include="bm_prison_liner_cmp\lod5-112.vms.xml"/>
         <bm_prison_liner.lod6-112.vms include="bm_prison_liner_cmp\lod6-112.vms.xml"/>
      </VMeshLibrary>
      <Animation include="bm_prison_liner_cmp\Animation.xml"/>
      <Exporter_Version name="Exporter Version" type="text">MAXLancer Tools 0.97</Exporter_Version>
      <Cmpnd>
         <Cons>
            <Fix type="Fix" count="4">
               <part>
                  <!-- parent      --> "Root",
                  <!-- child       --> "prison_frnt_lod1",
                  <!-- position    --> 0.019998951, -1.3475409, -404.21997,
                  <!-- orientation -->   1.0000000000, -9.9517505e-09,  11.301428e-09,
                                        9.9517479e-09,   1.0000000000,  200.88618e-09,
                                       -11.301430e-09, -200.88618e-09,   1.0000000000
               </part>
               <part>
                  <!-- parent      --> "Root",
                  <!-- child       --> "prison_mid_lod1",
                  <!-- position    --> -511.19866e-9, -5.4525175, -180.16751,
                  <!-- orientation -->   1.0000000000,  432.51119e-12,  14.594494e-09,
                                       -432.51117e-12,   1.0000000000, -2.7189131e-09,
                                       -14.594494e-09,  2.7189131e-09,   1.0000000000
               </part>
               <part>
                  <!-- parent      --> "Root",
                  <!-- child       --> "prison_rear_lod1",
                  <!-- position    --> -192.40617e-6, -5.9393854, 133.9975,
                  <!-- orientation -->   1.0000000000,  7.4409465e-09,  71.809112e-09,
                                       -7.4409532e-09,   1.0000000000,  93.310646e-09,
                                       -71.809112e-09, -93.310646e-09,   1.0000000000
               </part>
               <part>
                  <!-- parent      --> "Root",
                  <!-- child       --> "prison_reactor_lod1",
                  <!-- position    --> 526.32623e-9, -5.9399753, 226.59567,
                  <!-- orientation -->   1.0000000000,  202.69259e-09, -28.515460e-09,
                                       -202.69259e-09,   1.0000000000,  241.86028e-09,
                                        28.515510e-09, -241.86028e-09,   1.0000000000
               </part>
            </Fix>
            <Rev type="Rev" count="2">
               <part>
                  <!-- parent      --> "baypoly_lod1",
                  <!-- child       --> "baydoor01_lod1",
                  <!-- position    --> -50.351273, -19.106014, -66.537094,
                  <!-- offset      --> 0, 0, 0,
                  <!-- orientation -->  -1.0000000000,  26.651561e-09, -88.629427e-09,
                                        22.760275e-09,   0.9990481100,   0.0436188880,
                                        89.707584e-09,   0.0436188910,  -0.9990481100,
                  <!-- axis        --> -100.29986e-09,   0.0436190810,  -0.9990482300,
                  <!-- min, max    --> 0, 1.5707899
               </part>
               <part>
                  <!-- parent      --> "baypoly_lod1",
                  <!-- child       --> "baydoor02_lod1",
                  <!-- position    --> 28.712706, -19.106014, -66.53714,
                  <!-- offset      --> 0, 0, 0,
                  <!-- orientation -->   1.0000000000,  74.406145e-09, -122.34459e-09,
                                       -79.671935e-09,   0.9990482300,  -0.0436194840,
                                        118.98257e-09,   0.0436194840,   0.9990482300,
                  <!-- axis        -->  4.6613535e-09,  -0.0436194760,   0.9990482300,
                  <!-- min, max    --> 0, 1.5707899
               </part>
            </Rev>
            <Pris type="Rev" count="1">
               <part>
                  <!-- parent      --> "prison_mid_lod1",
                  <!-- child       --> "baypoly_lod1",
                  <!-- position    --> 10.999036, -37.133835, 49.970062,
                  <!-- offset      --> 0, 0, 0,
                  <!-- orientation -->   1.0000000000, -2.5860123e-09, -8.7111935e-09,
                                        2.5860125e-09,   1.0000000000,  36.852036e-09,
                                        8.7111935e-09, -36.852036e-09,   1.0000000000,
                  <!-- axis        --> -8.6183221e-09,   1.0000000000, -83.932470e-09,
                  <!-- min, max    --> 0, 15.746464
               </part>
            </Pris>
         </Cons>
         <Part_prison_frnt_lod1>
            <Object_name name="Object name" type="text">prison_frnt_lod1</Object_name>
            <Index type="int">0</Index>
            <File_name name="File name" type="text">prison_frnt_lod1240108042618.3db</File_name>
         </Part_prison_frnt_lod1>
         <Part_prison_mid_lod1>
            <Object_name name="Object name" type="text">prison_mid_lod1</Object_name>
            <Index type="int">0</Index>
            <File_name name="File name" type="text">prison_mid_lod1240108042618.3db</File_name>
         </Part_prison_mid_lod1>
         <Part_baypoly_lod1>
            <Object_name name="Object name" type="text">baypoly_lod1</Object_name>
            <Index type="int">0</Index>
            <File_name name="File name" type="text">baypoly_lod1240108042618.3db</File_name>
         </Part_baypoly_lod1>
         <Part_baydoor01_lod1>
            <Object_name name="Object name" type="text">baydoor01_lod1</Object_name>
            <Index type="int">0</Index>
            <File_name name="File name" type="text">baydoor01_lod1240108042618.3db</File_name>
         </Part_baydoor01_lod1>
         <Part_baydoor02_lod1>
            <Object_name name="Object name" type="text">baydoor02_lod1</Object_name>
            <Index type="int">0</Index>
            <File_name name="File name" type="text">baydoor02_lod1240108042618.3db</File_name>
         </Part_baydoor02_lod1>
         <Part_prison_rear_lod1>
            <Object_name name="Object name" type="text">prison_rear_lod1</Object_name>
            <Index type="int">0</Index>
            <File_name name="File name" type="text">prison_rear_lod1240108042618.3db</File_name>
         </Part_prison_rear_lod1>
         <Part_prison_reactor_lod1>
            <Object_name name="Object name" type="text">prison_reactor_lod1</Object_name>
            <Index type="int">0</Index>
            <File_name name="File name" type="text">prison_reactor_lod1240108042618.3db</File_name>
         </Part_prison_reactor_lod1>
         <Root>
            <Object_name name="Object name" type="text">Root</Object_name>
            <Index type="int">0</Index>
            <File_name name="File name" type="text">bm_prison_liner240108042618.3db</File_name>
         </Root>
      </Cmpnd>
      <bm_prison_liner240108042618.3db>
         <MultiLevel>
            <Switch2 type="float array" count="8">
               0,
               100,
               1000,
               10000,
               100000,
               0x00000001,
               0x0013E7AC,
               1000000
            </Switch2>
            <Level0>
               <VMeshPart>
                  <VMeshRef type="VMeshRef">
                     <!-- header size  --> 60,
                     <!-- vmesh lib    --> bm_prison_liner.lod0-112.vms,
                     <!-- start vert   --> 0,
                     <!-- num verts    --> 1851,
                     <!-- start index  --> 0,
                     <!-- num indices  --> 3009,
                     <!-- start mesh   --> 0,
                     <!-- num meshes   --> 7,
                     <!-- bounding box -->  35.339165,    62.823479,    93.58474,
                                           -35.339516,   -51.145248,  -163.34262,
                     <!-- center       -->   0.51729226,   4.5839171,  -31.714241,
                     <!-- radius       --> 137.68698
                  </VMeshRef>
               </VMeshPart>
            </Level0>
            <Level1>
               <VMeshPart>
                  <VMeshRef type="VMeshRef">
                     <!-- header size  --> 60,
                     <!-- vmesh lib    --> bm_prison_liner.lod1-112.vms,
                     <!-- start vert   --> 0,
                     <!-- num verts    --> 1421,
                     <!-- start index  --> 0,
                     <!-- num indices  --> 2058,
                     <!-- start mesh   --> 0,
                     <!-- num meshes   --> 7,
                     <!-- bounding box -->  35.369751,    62.823483,    93.584824,
                                           -35.33604,    -51.145203,  -163.34261,
                     <!-- center       -->   0.51729226,   4.5839171,  -31.714241,
                     <!-- radius       --> 137.68698
                  </VMeshRef>
               </VMeshPart>
            </Level1>
            <Level2>
               <VMeshPart>
                  <VMeshRef type="VMeshRef">
                     <!-- header size  --> 60,
                     <!-- vmesh lib    --> bm_prison_liner.lod2-112.vms,
                     <!-- start vert   --> 0,
                     <!-- num verts    --> 646,
                     <!-- start index  --> 0,
                     <!-- num indices  --> 867,
                     <!-- start mesh   --> 0,
                     <!-- num meshes   --> 7,
                     <!-- bounding box -->  35.369747,    62.823483,    93.585136,
                                           -35.33604,    -51.145203,  -163.3423,
                     <!-- center       -->   0.51729226,   4.5839171,  -31.714241,
                     <!-- radius       --> 137.68599
                  </VMeshRef>
               </VMeshPart>
            </Level2>
            <Level3>
               <VMeshPart>
                  <VMeshRef type="VMeshRef">
                     <!-- header size  --> 60,
                     <!-- vmesh lib    --> bm_prison_liner.lod3-112.vms,
                     <!-- start vert   --> 0,
                     <!-- num verts    --> 358,
                     <!-- start index  --> 0,
                     <!-- num indices  --> 495,
                     <!-- start mesh   --> 0,
                     <!-- num meshes   --> 4,
                     <!-- bounding box -->  35.369747,    62.823471,    93.584824,
                                           -35.33604,    -51.14521,   -163.34273,
                     <!-- center       -->   0.51729226,   4.5839171,  -31.714241,
                     <!-- radius       --> 137.6864
                  </VMeshRef>
               </VMeshPart>
            </Level3>
            <Level4>
               <VMeshPart>
                  <VMeshRef type="VMeshRef">
                     <!-- header size  --> 60,
                     <!-- vmesh lib    --> bm_prison_liner.lod4-112.vms,
                     <!-- start vert   --> 0,
                     <!-- num verts    --> 231,
                     <!-- start index  --> 0,
                     <!-- num indices  --> 300,
                     <!-- start mesh   --> 0,
                     <!-- num meshes   --> 4,
                     <!-- bounding box -->  28.573105,    62.823582,    93.584824,
                                           -28.539413,   -51.14521,   -155.95758,
                     <!-- center       -->   0.51729226,   4.5839171,  -31.714241,
                     <!-- radius       --> 137.62407
                  </VMeshRef>
               </VMeshPart>
            </Level4>
            <Level5>
               <VMeshPart>
                  <VMeshRef type="VMeshRef">
                     <!-- header size  --> 60,
                     <!-- vmesh lib    --> bm_prison_liner.lod5-112.vms,
                     <!-- start vert   --> 0,
                     <!-- num verts    --> 140,
                     <!-- start index  --> 0,
                     <!-- num indices  --> 174,
                     <!-- start mesh   --> 0,
                     <!-- num meshes   --> 2,
                     <!-- bounding box -->  27.603897,    62.823753,    93.584824,
                                           -27.570198,   -51.145214,  -155.46523,
                     <!-- center       -->   0.51729226,   4.5839171,  -31.714241,
                     <!-- radius       --> 137.62407
                  </VMeshRef>
               </VMeshPart>
            </Level5>
            <Level6>
               <VMeshPart>
                  <VMeshRef type="VMeshRef">
                     <!-- header size  --> 60,
                     <!-- vmesh lib    --> bm_prison_liner.lod6-112.vms,
                     <!-- start vert   --> 0,
                     <!-- num verts    --> 71,
                     <!-- start index  --> 0,
                     <!-- num indices  --> 81,
                     <!-- start mesh   --> 0,
                     <!-- num meshes   --> 2,
                     <!-- bounding box -->  27.603897,    62.823753,    93.810928,
                                           -27.570198,   -51.145214,  -136.54066,
                     <!-- center       -->   0.51729226,   4.5839171,  -31.714241,
                     <!-- radius       --> 137.83002
                  </VMeshRef>
               </VMeshPart>
            </Level6>
         </MultiLevel>
         <VMeshWire include="bm_prison_liner_cmp\bm_prison_liner.vwd.xml"/>
         <Hardpoints>
            <Fixed>
               <DpMid>
                  <Position type="Vector">0.024992274, -3.1425252, -88.83918</Position>
                  <Orientation type="Matrix">
                      -1.0000000000, -8.3614262e-09, -150.99580e-09,
                     -8.3614209e-09,   1.0000000000, -36.977895e-09,
                      150.99580e-09, -36.977895e-09,  -1.0000000000
                  </Orientation>
               </DpMid>
               <DpRear>
                  <Position type="Vector">0.02499762, -3.1425195, 62.701103</Position>
                  <Orientation type="Matrix">
                      -1.0000000000, -8.3270653e-09, -150.99580e-09,
                     -8.3270653e-09,   1.0000000000,   0.0000000000,
                      150.99580e-09,  1.2573519e-15,  -1.0000000000
                  </Orientation>
               </DpRear>
               <HpDockCamA>
                  <Position type="Vector">-102.0173, -173.85248, -260.21686</Position>
                  <Orientation type="Matrix">
                      -0.5976342000,  -0.2414563900,  -0.7645467500,
                       0.2618266900,   0.8425217900,  -0.4707478300,
                       0.7578122000,  -0.4815140700,  -0.4403004100
                  </Orientation>
               </HpDockCamA>
               <HpLaunchCamA>
                  <Position type="Vector">-0.15971647, -1.6448324, -229.31755</Position>
                  <Orientation type="Matrix">
                      -0.9999930300,  -0.0037221999,  382.00547e-06,
                      -0.0013043665,   0.4424626800,   0.8967859700,
                      -0.0035070397,   0.8967792400,  -0.4424644400
                  </Orientation>
               </HpLaunchCamA>
               <HpMount>
                  <Position type="Vector">-0.15572229, 1.4969234, -567.75446</Position>
                  <Orientation type="Matrix">
                       1.0000000000, -20.849032e-15,  43.723588e-09,
                       0.0000000000,   1.0000000000,  476.83716e-09,
                     -43.723588e-09, -476.83716e-09,   1.0000000000
                  </Orientation>
               </HpMount>
               <HpRunningLight08>
                  <Position type="Vector">-19.4858, 59.55896, -132.65811</Position>
                  <Orientation type="Matrix">
                       0.7071067100,  22.027219e-09,   0.7071068300,
                     -1.7763568e-15,   1.0000000000, -31.151188e-09,
                      -0.7071068300,  22.027212e-09,   0.7071067100
                  </Orientation>
               </HpRunningLight08>
               <HpRunningLight09>
                  <Position type="Vector">-18.421719, 59.640289, -75.285454</Position>
                  <Orientation type="Matrix">
                       0.7071068900,  21.839146e-09,  -0.7071066500,
                     -30.885211e-09,   1.0000000000, -888.17842e-18,
                       0.7071066500,  21.839138e-09,   0.7071068900
                  </Orientation>
               </HpRunningLight09>
               <HpRunningLight15>
                  <Position type="Vector">21.334412, 59.640289, -75.285461</Position>
                  <Orientation type="Matrix">
                      -0.7071067700, -32.064687e-09,  -0.7071067700,
                     -45.346315e-09,   1.0000000000,   0.0000000000,
                       0.7071067700,  32.064687e-09,  -0.7071067700
                  </Orientation>
               </HpRunningLight15>
               <HpRunningLight16>
                  <Position type="Vector">20.27033, 59.55896, -132.65811</Position>
                  <Orientation type="Matrix">
                       0.7071068900,  21.839146e-09,  -0.7071066500,
                     -30.885211e-09,   1.0000000000, -888.17842e-18,
                       0.7071066500,  21.839138e-09,   0.7071068900
                  </Orientation>
               </HpRunningLight16>
               <HpTractor_Source>
                  <Position type="Vector">-0.15572229, 1.4969234, -567.75446</Position>
                  <Orientation type="Matrix">
                       1.0000000000, -20.849032e-15,  43.723588e-09,
                       0.0000000000,   1.0000000000,  476.83716e-09,
                     -43.723588e-09, -476.83716e-09,   1.0000000000
                  </Orientation>
               </HpTractor_Source>
            </Fixed>
            <Revolute>
               <HpFx11>
                  <Position type="Vector">-0.31734911, 50.223305, -158.56989</Position>
                  <Orientation type="Matrix">
                       0.9999670400,  3.8707668e-09,  -0.0081175864,
                       0.0000000000,   1.0000000000,  476.83716e-09,
                       0.0081175864, -476.82144e-09,   0.9999670400
                  </Orientation>
                  <Axis type="Vector">0, 1, 0</Axis>
                  <Min type="float">-1.5707999</Min>
                  <Max type="float">3.0543098</Max>
               </HpFx11>
               <HpFx12>
                  <Position type="Vector">30.658867, 27.982733, -158.31842</Position>
                  <Orientation type="Matrix">
                       0.9999670400,  3.8707668e-09,  -0.0081175864,
                       0.0000000000,   1.0000000000,  476.83716e-09,
                       0.0081175864, -476.82144e-09,   0.9999670400
                  </Orientation>
                  <Axis type="Vector">0, 1, 0</Axis>
                  <Min type="float">-1.5707999</Min>
                  <Max type="float">3.0543098</Max>
               </HpFx12>
               <HpFx13>
                  <Position type="Vector">34.47163, -6.3865395, -158.28746</Position>
                  <Orientation type="Matrix">
                       0.9999670400,  3.8707668e-09,  -0.0081175864,
                       0.0000000000,   1.0000000000,  476.83716e-09,
                       0.0081175864, -476.82144e-09,   0.9999670400
                  </Orientation>
                  <Axis type="Vector">0, 1, 0</Axis>
                  <Min type="float">-1.5707999</Min>
                  <Max type="float">3.0543098</Max>
               </HpFx13>
               <HpFx14>
                  <Position type="Vector">38.546432, -51.084892, -133.15599</Position>
                  <Orientation type="Matrix">
                       0.9999670400,  3.8707668e-09,  -0.0081175864,
                       0.0000000000,   1.0000000000,  476.83716e-09,
                       0.0081175864, -476.82144e-09,   0.9999670400
                  </Orientation>
                  <Axis type="Vector">0, 1, 0</Axis>
                  <Min type="float">-1.5707999</Min>
                  <Max type="float">3.0543098</Max>
               </HpFx14>
               <HpFx15>
                  <Position type="Vector">-0.26697683, -55.399338, -133.47108</Position>
                  <Orientation type="Matrix">
                       0.9999670400,  3.8707668e-09,  -0.0081175864,
                       0.0000000000,   1.0000000000,  476.83716e-09,
                       0.0081175864, -476.82144e-09,   0.9999670400
                  </Orientation>
                  <Axis type="Vector">0, 1, 0</Axis>
                  <Min type="float">-1.5707999</Min>
                  <Max type="float">3.0543098</Max>
               </HpFx15>
               <HpFx16>
                  <Position type="Vector">-35.152061, -50.849304, -133.75426</Position>
                  <Orientation type="Matrix">
                       0.9999670400,  3.8707668e-09,  -0.0081175864,
                       0.0000000000,   1.0000000000,  476.83716e-09,
                       0.0081175864, -476.82144e-09,   0.9999670400
                  </Orientation>
                  <Axis type="Vector">0, 1, 0</Axis>
                  <Min type="float">-1.5707999</Min>
                  <Max type="float">3.0543098</Max>
               </HpFx16>
               <HpFx17>
                  <Position type="Vector">-37.887028, -26.938, -133.77646</Position>
                  <Orientation type="Matrix">
                       0.9999670400,  3.8707668e-09,  -0.0081175864,
                       0.0000000000,   1.0000000000,  476.83716e-09,
                       0.0081175864, -476.82144e-09,   0.9999670400
                  </Orientation>
                  <Axis type="Vector">0, 1, 0</Axis>
                  <Min type="float">-1.5707999</Min>
                  <Max type="float">3.0543098</Max>
               </HpFx17>
               <HpFx18>
                  <Position type="Vector">-32.662945, 2.4569838, -112.00131</Position>
                  <Orientation type="Matrix">
                       0.9999670400,  3.8707668e-09,  -0.0081175864,
                       0.0000000000,   1.0000000000,  476.83716e-09,
                       0.0081175864, -476.82144e-09,   0.9999670400
                  </Orientation>
                  <Axis type="Vector">0, 1, 0</Axis>
                  <Min type="float">-1.5707999</Min>
                  <Max type="float">3.0543098</Max>
               </HpFx18>
               <HpFx19>
                  <Position type="Vector">-27.315414, 35.110146, -153.55673</Position>
                  <Orientation type="Matrix">
                       0.9999670400,  3.8707668e-09,  -0.0081175864,
                       0.0000000000,   1.0000000000,  476.83716e-09,
                       0.0081175864, -476.82144e-09,   0.9999670400
                  </Orientation>
                  <Axis type="Vector">0, 1, 0</Axis>
                  <Min type="float">-1.5707999</Min>
                  <Max type="float">3.0543098</Max>
               </HpFx19>
               <HpFx20>
                  <Position type="Vector">0.13194773, -3.1484854, -191.19398</Position>
                  <Orientation type="Matrix">
                       0.9999670400,  3.8707668e-09,  -0.0081175864,
                       0.0000000000,   1.0000000000,  476.83716e-09,
                       0.0081175864, -476.82144e-09,   0.9999670400
                  </Orientation>
                  <Axis type="Vector">0, 1, 0</Axis>
                  <Min type="float">-1.5707999</Min>
                  <Max type="float">3.0543098</Max>
               </HpFx20>
               <HpFx21>
                  <Position type="Vector">28.89184, -51.084827, 100.93011</Position>
                  <Orientation type="Matrix">
                       0.9999670400,  3.8707668e-09,  -0.0081175864,
                       0.0000000000,   1.0000000000,  476.83716e-09,
                       0.0081175864, -476.82144e-09,   0.9999670400
                  </Orientation>
                  <Axis type="Vector">0, 1, 0</Axis>
                  <Min type="float">-1.5707999</Min>
                  <Max type="float">3.0543098</Max>
               </HpFx21>
               <HpFx22>
                  <Position type="Vector">28.891827, 26.972015, 100.93009</Position>
                  <Orientation type="Matrix">
                       0.9999670400,  3.8707668e-09,  -0.0081175864,
                       0.0000000000,   1.0000000000,  476.83716e-09,
                       0.0081175864, -476.82144e-09,   0.9999670400
                  </Orientation>
                  <Axis type="Vector">0, 1, 0</Axis>
                  <Min type="float">-1.5707999</Min>
                  <Max type="float">3.0543098</Max>
               </HpFx22>
               <HpFx23>
                  <Position type="Vector">-28.285418, 26.972008, 100.46593</Position>
                  <Orientation type="Matrix">
                       0.9999670400,  3.8707668e-09,  -0.0081175864,
                       0.0000000000,   1.0000000000,  476.83716e-09,
                       0.0081175864, -476.82144e-09,   0.9999670400
                  </Orientation>
                  <Axis type="Vector">0, 1, 0</Axis>
                  <Min type="float">-1.5707999</Min>
                  <Max type="float">3.0543098</Max>
               </HpFx23>
               <HpFx24>
                  <Position type="Vector">-28.285406, -34.876385, 100.46594</Position>
                  <Orientation type="Matrix">
                       0.9999670400,  3.8707668e-09,  -0.0081175864,
                       0.0000000000,   1.0000000000,  476.83716e-09,
                       0.0081175864, -476.82144e-09,   0.9999670400
                  </Orientation>
                  <Axis type="Vector">0, 1, 0</Axis>
                  <Min type="float">-1.5707999</Min>
                  <Max type="float">3.0543098</Max>
               </HpFx24>
               <HpFx25>
                  <Position type="Vector">-0.26661909, 0.070054762, 129.02637</Position>
                  <Orientation type="Matrix">
                       0.9999670400,  3.8707668e-09,  -0.0081175864,
                       0.0000000000,   1.0000000000,  476.83716e-09,
                       0.0081175864, -476.82144e-09,   0.9999670400
                  </Orientation>
                  <Axis type="Vector">0, 1, 0</Axis>
                  <Min type="float">-1.5707999</Min>
                  <Max type="float">3.0543098</Max>
               </HpFx25>
               <HpTurret_Prison_06>
                  <Position type="Vector">0.052769724, 62.823761, -103.85886</Position>
                  <Orientation type="Matrix">
                       1.0000000000,   0.0000000000,   0.0000000000,
                       0.0000000000,   1.0000000000,  476.83716e-09,
                       0.0000000000, -476.83716e-09,   1.0000000000
                  </Orientation>
                  <Axis type="Vector">0, 1, 0</Axis>
                  <Min type="float">-6.2831855</Min>
                  <Max type="float">6.2831855</Max>
               </HpTurret_Prison_06>
            </Revolute>
         </Hardpoints>
      </bm_prison_liner240108042618.3db>
      <prison_frnt_lod1240108042618.3db>
         <MultiLevel>
            <Switch2 type="float array" count="8">
               0,
               100,
               1000,
               10000,
               100000,
               0x00000001,
               0x0013E7AC,
               1000000
            </Switch2>
            <Level0>
               <VMeshPart>
                  <VMeshRef type="VMeshRef">
                     <!-- header size  --> 60,
                     <!-- vmesh lib    --> bm_prison_liner.lod0-112.vms,
                     <!-- start vert   --> 1851,
                     <!-- num verts    --> 1057,
                     <!-- start index  --> 3009,
                     <!-- num indices  --> 1842,
                     <!-- start mesh   --> 7,
                     <!-- num meshes   --> 8,
                     <!-- bounding box -->  40.364449,   53.23103,    138.51788,
                                           -40.364426,  -53.2038,    -138.5199,
                     <!-- center       -->  -1.7597549,  -2.5155482,    2.788147,
                     <!-- radius       --> 147.728
                  </VMeshRef>
               </VMeshPart>
            </Level0>
            <Level1>
               <VMeshPart>
                  <VMeshRef type="VMeshRef">
                     <!-- header size  --> 60,
                     <!-- vmesh lib    --> bm_prison_liner.lod1-112.vms,
                     <!-- start vert   --> 1421,
                     <!-- num verts    --> 694,
                     <!-- start index  --> 2058,
                     <!-- num indices  --> 1179,
                     <!-- start mesh   --> 7,
                     <!-- num meshes   --> 7,
                     <!-- bounding box -->  40.366955,   53.230511,   138.51788,
                                           -40.361946,  -53.204277,  -138.5199,
                     <!-- center       -->  -1.7597549,  -2.5155482,    2.788147,
                     <!-- radius       --> 147.72838
                  </VMeshRef>
               </VMeshPart>
            </Level1>
            <Level2>
               <VMeshPart>
                  <VMeshRef type="VMeshRef">
                     <!-- header size  --> 60,
                     <!-- vmesh lib    --> bm_prison_liner.lod2-112.vms,
                     <!-- start vert   --> 646,
                     <!-- num verts    --> 589,
                     <!-- start index  --> 867,
                     <!-- num indices  --> 765,
                     <!-- start mesh   --> 7,
                     <!-- num meshes   --> 4,
                     <!-- bounding box -->  40.146225,   53.231045,   138.51392,
                                           -40.581558,  -53.203823,  -138.51984,
                     <!-- center       -->  -1.7597549,  -2.5155482,    2.788147,
                     <!-- radius       --> 147.64955
                  </VMeshRef>
               </VMeshPart>
            </Level2>
            <Level3>
               <VMeshPart>
                  <VMeshRef type="VMeshRef">
                     <!-- header size  --> 60,
                     <!-- vmesh lib    --> bm_prison_liner.lod3-112.vms,
                     <!-- start vert   --> 358,
                     <!-- num verts    --> 291,
                     <!-- start index  --> 495,
                     <!-- num indices  --> 405,
                     <!-- start mesh   --> 4,
                     <!-- num meshes   --> 2,
                     <!-- bounding box -->  40.366398,   53.230495,   138.51389,
                                           -40.361389,  -53.204292,  -138.5199,
                     <!-- center       -->  -1.7597549,  -2.5155482,    2.788147,
                     <!-- radius       --> 147.70007
                  </VMeshRef>
               </VMeshPart>
            </Level3>
            <Level4>
               <VMeshPart>
                  <VMeshRef type="VMeshRef">
                     <!-- header size  --> 60,
                     <!-- vmesh lib    --> bm_prison_liner.lod4-112.vms,
                     <!-- start vert   --> 231,
                     <!-- num verts    --> 82,
                     <!-- start index  --> 300,
                     <!-- num indices  --> 159,
                     <!-- start mesh   --> 4,
                     <!-- num meshes   --> 1,
                     <!-- bounding box -->  32.099297,   53.230495,   137.30969,
                                           -33.84285,   -53.204433,  -125.62421,
                     <!-- center       -->  -1.7597549,  -2.5155482,    2.788147,
                     <!-- radius       --> 147.68834
                  </VMeshRef>
               </VMeshPart>
            </Level4>
            <Level5>
               <VMeshPart>
                  <VMeshRef type="VMeshRef">
                     <!-- header size  --> 60,
                     <!-- vmesh lib    --> bm_prison_liner.lod5-112.vms,
                     <!-- start vert   --> 140,
                     <!-- num verts    --> 25,
                     <!-- start index  --> 174,
                     <!-- num indices  --> 57,
                     <!-- start mesh   --> 2,
                     <!-- num meshes   --> 1,
                     <!-- bounding box -->  32.152409,   53.230495,   137.31006,
                                           -32.147396,  -53.203815,  -125.62384,
                     <!-- center       -->  -1.7597549,  -2.5155482,    2.788147,
                     <!-- radius       --> 147.70061
                  </VMeshRef>
               </VMeshPart>
            </Level5>
            <Level6>
               <VMeshPart>
                  <VMeshRef type="VMeshRef">
                     <!-- header size  --> 60,
                     <!-- vmesh lib    --> bm_prison_liner.lod6-112.vms,
                     <!-- start vert   --> 71,
                     <!-- num verts    --> 21,
                     <!-- start index  --> 81,
                     <!-- num indices  --> 21,
                     <!-- start mesh   --> 2,
                     <!-- num meshes   --> 1,
                     <!-- bounding box -->  32.152409,   53.195087,   137.31006,
                                           -32.147396,  -53.203819,  -129.28497,
                     <!-- center       -->  -1.7597549,  -2.5155482,    2.788147,
                     <!-- radius       --> 147.70061
                  </VMeshRef>
               </VMeshPart>
            </Level6>
         </MultiLevel>
         <VMeshWire include="bm_prison_liner_cmp\prison_frnt_lod1.vwd.xml"/>
         <Hardpoints>
            <Fixed>
               <DpFrnt>
                  <Position type="Vector">0.004985502, -1.7950176, 120.60944</Position>
                  <Orientation type="Matrix">
                      -1.0000000000, -510.51430e-12, -150.99580e-09,
                     -510.51430e-12,   1.0000000000,   0.0000000000,
                      150.99580e-09,   0.0000000000,  -1.0000000000
                  </Orientation>
               </DpFrnt>
               <HpRunningLight01>
                  <Position type="Vector">12.799465, -40.381512, -139.34332</Position>
                  <Orientation type="Matrix">
                       1.0000000000,  1.7763568e-15,  30.348623e-09,
                     -2.6645353e-15,   1.0000000000,   0.0000000000,
                     -30.348623e-09,   0.0000000000,   1.0000000000
                  </Orientation>
               </HpRunningLight01>
               <HpRunningLight02>
                  <Position type="Vector">-12.762658, -40.381512, -139.34332</Position>
                  <Orientation type="Matrix">
                       1.0000000000,  1.7763568e-15,  30.348623e-09,
                     -2.6645353e-15,   1.0000000000,   0.0000000000,
                     -30.348623e-09,   0.0000000000,   1.0000000000
                  </Orientation>
               </HpRunningLight02>
               <HpRunningLight03>
                  <Position type="Vector">-12.289565, -16.835306, -130.77948</Position>
                  <Orientation type="Matrix">
                       1.0000000000,  1.7763568e-15,  30.348623e-09,
                     -2.6645353e-15,   1.0000000000,   0.0000000000,
                     -30.348623e-09,   0.0000000000,   1.0000000000
                  </Orientation>
               </HpRunningLight03>
               <HpRunningLight04>
                  <Position type="Vector">12.233085, -16.835306, -130.77948</Position>
                  <Orientation type="Matrix">
                       1.0000000000,  1.7763568e-15,  30.348623e-09,
                     -2.6645353e-15,   1.0000000000,   0.0000000000,
                     -30.348623e-09,   0.0000000000,   1.0000000000
                  </Orientation>
               </HpRunningLight04>
               <HpRunningLight05>
                  <Position type="Vector">12.233087, 3.625639, -111.25037</Position>
                  <Orientation type="Matrix">
                       1.0000000000,  1.7763568e-15,  30.348623e-09,
                     -2.6645353e-15,   1.0000000000,   0.0000000000,
                     -30.348623e-09,   0.0000000000,   1.0000000000
                  </Orientation>
               </HpRunningLight05>
               <HpRunningLight06>
                  <Position type="Vector">-12.18816, 3.6256399, -111.25037</Position>
                  <Orientation type="Matrix">
                       1.0000000000,  1.7763568e-15,  30.348623e-09,
                     -2.6645353e-15,   1.0000000000,   0.0000000000,
                     -30.348623e-09,   0.0000000000,   1.0000000000
                  </Orientation>
               </HpRunningLight06>
               <HpRunningLight07>
                  <Position type="Vector">0.022343619, 55.233871, 77.925262</Position>
                  <Orientation type="Matrix">
                       1.0000000000,  38.777412e-09, -6.8375123e-09,
                     -888.17842e-18,  -0.1736484200,  -0.9848077300,
                     -39.375614e-09,   0.9848077300,  -0.1736484200
                  </Orientation>
               </HpRunningLight07>
            </Fixed>
         </Hardpoints>
      </prison_frnt_lod1240108042618.3db>
      <prison_mid_lod1240108042618.3db>
         <MultiLevel>
            <Switch2 type="float array" count="8">
               0,
               100,
               1000,
               10000,
               100000,
               0x00000001,
               0x0013E7AC,
               1000000
            </Switch2>
            <Level0>
               <VMeshPart>
                  <VMeshRef type="VMeshRef">
                     <!-- header size  --> 60,
                     <!-- vmesh lib    --> bm_prison_liner.lod0-112.vms,
                     <!-- start vert   --> 2908,
                     <!-- num verts    --> 999,
                     <!-- start index  --> 4851,
                     <!-- num indices  --> 1677,
                     <!-- start mesh   --> 15,
                     <!-- num meshes   --> 8,
                     <!-- bounding box -->  61.245403,  57.322693,   86.715584,
                                           -62.004089, -57.32428,   -86.742859,
                     <!-- center       -->   4.777626,  -2.2597208,  -3.9073181,
                     <!-- radius       --> 107.00697
                  </VMeshRef>
               </VMeshPart>
            </Level0>
            <Level1>
               <VMeshPart>
                  <VMeshRef type="VMeshRef">
                     <!-- header size  --> 60,
                     <!-- vmesh lib    --> bm_prison_liner.lod1-112.vms,
                     <!-- start vert   --> 2115,
                     <!-- num verts    --> 708,
                     <!-- start index  --> 3237,
                     <!-- num indices  --> 1131,
                     <!-- start mesh   --> 14,
                     <!-- num meshes   --> 9,
                     <!-- bounding box -->  61.239204,  57.307964,   86.715775,
                                           -62.004723, -57.324051,  -86.742859,
                     <!-- center       -->   4.777626,  -2.2597208,  -3.9073181,
                     <!-- radius       --> 107.00342
                  </VMeshRef>
