<?xml version="1.0" encoding="ISO-8859-1"?>
<!-- XML generated by UTFXML Version 2.2 built 19-Aug-2010 -->
<UTFXML filename="bm_xe_fr.cmp" path="BMOD\SHIPS\MODELS\bm_xe_fr">
   <UTF_ROOT>
      <VMeshLibrary>
         <bm_xe_fr.lod0-112.vms include="bm_xe_fr_cmp\lod0-112.vms.xml"/>
         <bm_xe_fr.lod1-112.vms include="bm_xe_fr_cmp\lod1-112.vms.xml"/>
         <bm_xe_fr.lod2-112.vms include="bm_xe_fr_cmp\lod2-112.vms.xml"/>
         <bm_xe_fr.lod3-112.vms include="bm_xe_fr_cmp\lod3-112.vms.xml"/>
         <bm_xe_fr.lod4-112.vms include="bm_xe_fr_cmp\lod4-112.vms.xml"/>
      </VMeshLibrary>
      <Animation include="bm_xe_fr_cmp\Animation.xml"/>
      <Exporter_Version name="Exporter Version" type="text">MAXLancer Tools 0.97</Exporter_Version>
      <Cmpnd>
         <Cons>
            <Fix type="Fix" count="5">
               <part>
                  <!-- parent      --> "Root",
                  <!-- child       --> "Li_port_sidepanel_lod1",
                  <!-- position    --> -1.1978022, -95.057864e-9, -1.3060774e-6,
                  <!-- orientation -->   1.0000000000, -14.098421e-24, -211.75824e-24,
                                        14.098421e-24,   1.0000000000, -767.62361e-24,
                                        211.75824e-24,  767.62361e-24,   1.0000000000
               </part>
               <part>
                  <!-- parent      --> "Root",
                  <!-- child       --> "Li_starboard_sidepanel_lod1",
                  <!-- position    --> 1.193067, -95.057842e-9, -1.5150938e-6,
                  <!-- orientation -->   1.0000000000, -14.098421e-24, -211.75824e-24,
                                        14.098421e-24,   1.0000000000, -767.62361e-24,
                                        211.75824e-24,  767.62361e-24,   1.0000000000
               </part>
               <part>
                  <!-- parent      --> "Root",
                  <!-- child       --> "Engine01_lod1",
                  <!-- position    --> 1.2352403e-6, 2.2993023, 14.002256,
                  <!-- orientation -->   1.0000000000, -14.098421e-24, -211.75824e-24,
                                        14.098421e-24,   1.0000000000, -767.62361e-24,
                                        211.75824e-24,  767.62361e-24,   1.0000000000
               </part>
               <part>
                  <!-- parent      --> "Root",
                  <!-- child       --> "Engine02_lod1",
                  <!-- position    --> 1.2352403e-6, 0.86764306, 14.002256,
                  <!-- orientation -->   1.0000000000, -14.098421e-24, -211.75824e-24,
                                        14.098421e-24,   1.0000000000, -767.62361e-24,
                                        211.75824e-24,  767.62361e-24,   1.0000000000
               </part>
               <part>
                  <!-- parent      --> "Root",
                  <!-- child       --> "glass_lod1",
                  <!-- position    --> 0, 0, -0,
                  <!-- orientation -->   1.0000000000,  832.93453e-24, -7.1054274e-15,
                                       -832.93453e-24,   1.0000000000, -767.62361e-24,
                                        7.1054274e-15,  767.62361e-24,   1.0000000000
               </part>
            </Fix>
            <Rev type="Rev" count="2">
               <part>
                  <!-- parent      --> "Root",
                  <!-- child       --> "BayDoor02_lod1",
                  <!-- position    --> 1.4732801, 3.8252511, -1.09884,
                  <!-- offset      --> 0, 0, -0,
                  <!-- orientation -->   1.0000000000, -14.098421e-24, -211.75824e-24,
                                        14.098421e-24,   1.0000000000, -767.62361e-24,
                                        211.75824e-24,  767.62361e-24,   1.0000000000,
                  <!-- axis        --> -174.84560e-09, -59.604634e-09,  -1.0000000000,
                  <!-- min, max    --> 0, 1.71805
               </part>
               <part>
                  <!-- parent      --> "Root",
                  <!-- child       --> "BayDoor01_lod1",
                  <!-- position    --> -1.4742266, 3.8252511, -1.0988398,
                  <!-- offset      --> 0, 0, -0,
                  <!-- orientation -->   1.0000000000, -14.098421e-24, -211.75824e-24,
                                        14.098421e-24,   1.0000000000, -767.62361e-24,
                                        211.75824e-24,  767.62361e-24,   1.0000000000,
                  <!-- axis        -->  174.84557e-09,  59.604645e-09,   1.0000000000,
                  <!-- min, max    --> 0, 1.83259
               </part>
            </Rev>
         </Cons>
         <Part_Li_port_sidepanel_lod1>
            <Object_name name="Object name" type="text">Li_port_sidepanel_lod1</Object_name>
            <Index type="int">0</Index>
            <File_name name="File name" type="text">Li_port_sidepanel_lod1231210193515.3db</File_name>
         </Part_Li_port_sidepanel_lod1>
         <Part_Li_starboard_sidepanel_lod1>
            <Object_name name="Object name" type="text">Li_starboard_sidepanel_lod1</Object_name>
            <Index type="int">0</Index>
            <File_name name="File name" type="text">Li_starboard_sidepanel_lod1231210193515.3db</File_name>
         </Part_Li_starboard_sidepanel_lod1>
         <Part_Engine01_lod1>
            <Object_name name="Object name" type="text">Engine01_lod1</Object_name>
            <Index type="int">0</Index>
            <File_name name="File name" type="text">Engine01_lod1231210193515.3db</File_name>
         </Part_Engine01_lod1>
         <Part_Engine02_lod1>
            <Object_name name="Object name" type="text">Engine02_lod1</Object_name>
            <Index type="int">0</Index>
            <File_name name="File name" type="text">Engine02_lod1231210193515.3db</File_name>
         </Part_Engine02_lod1>
         <Part_glass_lod1>
            <Object_name name="Object name" type="text">glass_lod1</Object_name>
            <Index type="int">0</Index>
            <File_name name="File name" type="text">glass_lod1231210193515.3db</File_name>
         </Part_glass_lod1>
         <Part_BayDoor02_lod1>
            <Object_name name="Object name" type="text">BayDoor02_lod1</Object_name>
            <Index type="int">0</Index>
            <File_name name="File name" type="text">BayDoor02_lod1231210193515.3db</File_name>
         </Part_BayDoor02_lod1>
         <Part_BayDoor01_lod1>
            <Object_name name="Object name" type="text">BayDoor01_lod1</Object_name>
            <Index type="int">0</Index>
            <File_name name="File name" type="text">BayDoor01_lod1231210193515.3db</File_name>
         </Part_BayDoor01_lod1>
         <Root>
            <Object_name name="Object name" type="text">Root</Object_name>
            <Index type="int">0</Index>
            <File_name name="File name" type="text">bm_xe_fr231210193515.3db</File_name>
         </Root>
      </Cmpnd>
      <bm_xe_fr231210193515.3db>
         <MultiLevel>
            <Switch2 type="float array" count="6">
               0,
               100,
               1000,
               10000,
               100000,
               1000000
            </Switch2>
            <Level0>
               <VMeshPart>
                  <VMeshRef type="VMeshRef">
                     <!-- header size  --> 60,
                     <!-- vmesh lib    --> bm_xe_fr.lod0-112.vms,
                     <!-- start vert   --> 0,
                     <!-- num verts    --> 2547,
                     <!-- start index  --> 0,
                     <!-- num indices  --> 4215,
                     <!-- start mesh   --> 0,
                     <!-- num meshes   --> 12,
                     <!-- bounding box -->  3.3814309,     5.8168707,   14.106933,
                                           -3.3814335,    -5.2834959,  -14.709313,
                     <!-- center       --> -0.0027650811,  0.27391231,  -0.23919496,
                     <!-- radius       --> 14.473653
                  </VMeshRef>
               </VMeshPart>
            </Level0>
            <Level1>
               <VMeshPart>
                  <VMeshRef type="VMeshRef">
                     <!-- header size  --> 60,
                     <!-- vmesh lib    --> bm_xe_fr.lod1-112.vms,
                     <!-- start vert   --> 0,
                     <!-- num verts    --> 1631,
                     <!-- start index  --> 0,
                     <!-- num indices  --> 2550,
                     <!-- start mesh   --> 0,
                     <!-- num meshes   --> 12,
                     <!-- bounding box -->  3.3814304,     5.8168707,   14.106931,
                                           -3.381433,     -5.2834959,  -14.709313,
                     <!-- center       --> -0.0027650811,  0.27391231,  -0.23919496,
                     <!-- radius       --> 14.473653
                  </VMeshRef>
               </VMeshPart>
            </Level1>
            <Level2>
               <VMeshPart>
                  <VMeshRef type="VMeshRef">
                     <!-- header size  --> 60,
                     <!-- vmesh lib    --> bm_xe_fr.lod2-112.vms,
                     <!-- start vert   --> 0,
                     <!-- num verts    --> 724,
                     <!-- start index  --> 0,
                     <!-- num indices  --> 1020,
                     <!-- start mesh   --> 0,
                     <!-- num meshes   --> 7,
                     <!-- bounding box -->  3.3787467,     4.860816,    14.187789,
                                           -3.381433,     -5.2834959,  -14.709313,
                     <!-- center       --> -0.0027650811,  0.27391231,  -0.23919496,
                     <!-- radius       --> 14.481421
                  </VMeshRef>
               </VMeshPart>
            </Level2>
            <Level3>
               <VMeshPart>
                  <VMeshRef type="VMeshRef">
                     <!-- header size  --> 60,
                     <!-- vmesh lib    --> bm_xe_fr.lod3-112.vms,
                     <!-- start vert   --> 0,
                     <!-- num verts    --> 411,
                     <!-- start index  --> 0,
                     <!-- num indices  --> 570,
                     <!-- start mesh   --> 0,
                     <!-- num meshes   --> 4,
                     <!-- bounding box -->  3.3787467,     4.860816,    14.187789,
                                           -3.381433,     -5.2834959,  -12.680387,
                     <!-- center       --> -0.0027650811,  0.27391231,  -0.23919496,
                     <!-- radius       --> 14.481421
                  </VMeshRef>
               </VMeshPart>
            </Level3>
            <Level4>
               <VMeshPart>
                  <VMeshRef type="VMeshRef">
                     <!-- header size  --> 60,
                     <!-- vmesh lib    --> bm_xe_fr.lod4-112.vms,
                     <!-- start vert   --> 0,
                     <!-- num verts    --> 164,
                     <!-- start index  --> 0,
                     <!-- num indices  --> 216,
                     <!-- start mesh   --> 0,
                     <!-- num meshes   --> 1,
                     <!-- bounding box -->  3.3787467,     4.860816,    14.061944,
                                           -3.381433,     -5.2834959,  -12.680387,
                     <!-- center       --> -0.0027650811,  0.27391231,  -0.23919496,
                     <!-- radius       --> 14.340209
                  </VMeshRef>
               </VMeshPart>
            </Level4>
         </MultiLevel>
         <VMeshWire include="bm_xe_fr_cmp\bm_xe_fr.vwd.xml"/>
         <Hardpoints>
            <Fixed>
               <DpEngine01>
                  <Position type="Vector">-0.014646663, 2.2984624, 14.018533</Position>
                  <Orientation type="Matrix">
                       1.0000000000,   0.0000000000,  181.72177e-09,
                       0.0000000000,   1.0000000000,  -0.0000000000,
                     -181.72177e-09,  -0.0000000000,   1.0000000000
                  </Orientation>
               </DpEngine01>
               <DpEngine02>
                  <Position type="Vector">-0.014646701, 0.8089658, 13.730893</Position>
                  <Orientation type="Matrix">
                       1.0000000000,   0.0000000000,  181.72177e-09,
                       0.0000000000,   1.0000000000,  -0.0000000000,
                     -181.72177e-09,  -0.0000000000,   1.0000000000
                  </Orientation>
               </DpEngine02>
               <DpPortsidepanel>
                  <Position type="Vector">-2.2473295, -0.14693294, 1.0192988</Position>
                  <Orientation type="Matrix">
                     -162.92068e-09,  77.686636e-15,  -1.0000000000,
                      476.83716e-09,   1.0000000000,  -0.0000000000,
                       1.0000000000, -476.83716e-09, -162.92068e-09
                  </Orientation>
               </DpPortsidepanel>
               <DpStarboardsidepanel>
                  <Position type="Vector">2.2605858, -0.14693294, 1.0192983</Position>
                  <Orientation type="Matrix">
                     -43.711388e-09,  200.04420e-09,   1.0000000000,
                     -297.67989e-09,   1.0000000000, -200.04421e-09,
                      -1.0000000000, -297.67989e-09, -43.711328e-09
                  </Orientation>
               </DpStarboardsidepanel>
               <HpBayDoor01>
                  <Position type="Vector">-125.96833e-9, 3.8222346, -1.2019112</Position>
                  <Orientation type="Matrix">
                       1.0000000000,  211.75814e-24,  -0.0000000000,
                     -211.75814e-24,   1.0000000000,  -0.0000000000,
                      -0.0000000000,  -0.0000000000,   1.0000000000
                  </Orientation>
               </HpBayDoor01>
               <HpBayDoor02>
                  <Position type="Vector">-125.96834e-9, 5.6289277, -1.2019112</Position>
                  <Orientation type="Matrix">
                       1.0000000000,  211.75814e-24,  -0.0000000000,
                     -211.75814e-24,   1.0000000000,  -0.0000000000,
                      -0.0000000000,  -0.0000000000,   1.0000000000
                  </Orientation>
               </HpBayDoor02>
               <HpCloak01>
                  <Position type="Vector">0.063106544, -6.9465305e-9, 0.11654347</Position>
                  <Orientation type="Matrix">
                      -1.0000000000,  150.99580e-09,  10.389484e-15,
                     -14.210855e-15, -162.92068e-09,   1.0000000000,
                      150.99580e-09,   1.0000000000,  162.92068e-09
                  </Orientation>
               </HpCloak01>
               <HpCM01>
                  <Position type="Vector">-1.5876863, 0.89392519, 8.0650549</Position>
                  <Orientation type="Matrix">
                     -162.92068e-09,  -1.0000000000,  92.096698e-09,
                       1.0000000000, -162.92068e-09,  7.5022284e-15,
                      7.5022284e-15,  92.096698e-09,   1.0000000000
                  </Orientation>
               </HpCM01>
               <HpCockpit>
                  <Position type="Vector">-874.22734e-9, 3, -10</Position>
                  <Orientation type="Matrix">
                       1.0000000000, -477.81418e-12,  54.752391e-09,
                       0.0000000000,   0.9999619100,   0.0087264860,
                     -54.754477e-09,  -0.0087264860,   0.9999619100
                  </Orientation>
               </HpCockpit>
               <HpCockpitEx>
                  <Position type="Vector">6.0758839e-6, 10, 43</Position>
                  <Orientation type="Matrix">
                       1.0000000000, -477.81418e-12,  54.752391e-09,
                       0.0000000000,   0.9999619100,   0.0087264860,
                     -54.754477e-09,  -0.0087264860,   0.9999619100
                  </Orientation>
               </HpCockpitEx>
               <HpDocklight01>
                  <Position type="Vector">-2.1737549, 4.9909172, 6.3199406</Position>
                  <Orientation type="Matrix">
                       1.0000000000,  15.855329e-15,  14.210852e-15,
                     -15.855329e-15,   1.0000000000,  -0.0000000000,
                     -14.210852e-15, -225.31772e-30,   1.0000000000
                  </Orientation>
               </HpDocklight01>
               <HpDocklight02>
                  <Position type="Vector">2.1944363, 4.9911299, 6.3196239</Position>
                  <Orientation type="Matrix">
                       1.0000000000,  15.855329e-15,  14.210852e-15,
                     -15.855329e-15,   1.0000000000,  -0.0000000000,
                     -14.210852e-15, -225.31772e-30,   1.0000000000
                  </Orientation>
               </HpDocklight02>
               <HpHeadlight>
                  <Position type="Vector">-1.5776109e-6, -0.15287417, -12.878353</Position>
                  <Orientation type="Matrix">
                       1.0000000000,  5.8599925e-09,  174.03750e-09,
                     -5.8599925e-09,   1.0000000000,  -0.0000000000,
                     -174.03750e-09, -1.0198584e-15,   1.0000000000
                  </Orientation>
               </HpHeadlight>
               <HpMine01>
                  <Position type="Vector">1.5866251, 0.89882356, 8.0627794</Position>
                  <Orientation type="Matrix">
                      313.91647e-09,   1.0000000000,  -0.0000000000,
                      -1.0000000000,  313.91647e-09,  -0.0000000000,
                      -0.0000000000,  -0.0000000000,   1.0000000000
                  </Orientation>
               </HpMine01>
               <HpMount>
                  <Position type="Vector">34.457933e-9, -5.6959658, 0.29559848</Position>
                  <Orientation type="Matrix">
                       1.0000000000,   0.0000000000,  -0.0000000000,
                       0.0000000000,   1.0000000000, -767.62361e-24,
                      -0.0000000000,  767.62361e-24,   1.0000000000
                  </Orientation>
               </HpMount>
               <HpPilot>
                  <Position type="Vector">982.99561e-6, 2.5425279, -9.5922298</Position>
                  <Orientation type="Matrix">
                       1.0000000000,   0.0000000000,  174.84552e-09,
                       0.0000000000,   1.0000000000,  -0.0000000000,
                     -174.84552e-09,  -0.0000000000,   1.0000000000
                  </Orientation>
               </HpPilot>
               <HpRadar01>
                  <Position type="Vector">-0.0097869579, -5.2845373, -3.7491326</Position>
                  <Orientation type="Matrix">
                      -1.0000000000, -120.37874e-15,  389.41437e-09,
                     -31.264813e-15,  -1.0000000000, -389.41437e-09,
                      389.41437e-09, -389.41437e-09,   1.0000000000
                  </Orientation>
               </HpRadar01>
               <HpRunningLight01>
                  <Position type="Vector">-1.943464e-6, 0.52119726, -14.787604</Position>
                  <Orientation type="Matrix">
                       1.0000000000,  832.93453e-24,     0x800001C8,
                     -832.93453e-24,   1.0000000000, -767.62361e-24,
                      -0.0000000000,  767.62361e-24,   1.0000000000
                  </Orientation>
               </HpRunningLight01>
               <HpRunningLight02>
                  <Position type="Vector">-1.8693582e-6, 0.94931459, -14.222488</Position>
                  <Orientation type="Matrix">
                       1.0000000000,  832.93453e-24,     0x800001C8,
                     -832.93453e-24,   1.0000000000, -767.62361e-24,
                      -0.0000000000,  767.62361e-24,   1.0000000000
                  </Orientation>
               </HpRunningLight02>
               <HpRunningLight03>
                  <Position type="Vector">-612.84845e-9, -5.2814851, -4.6406159</Position>
                  <Orientation type="Matrix">
                       1.0000000000,   0.0000000000,  -0.0000000000,
                       0.0000000000,   1.0000000000, -767.62361e-24,
                      -0.0000000000,  767.62361e-24,   1.0000000000
                  </Orientation>
               </HpRunningLight03>
               <HpRunningLight04>
                  <Position type="Vector">-1.397439, -2.6671019, 7.1874394</Position>
                  <Orientation type="Matrix">
                       1.0000000000,  102.13105e-15, -262.26832e-09,
                       0.0000000000,  -1.0000000000, -389.41437e-09,
                     -262.26832e-09,  389.41437e-09,  -1.0000000000
                  </Orientation>
               </HpRunningLight04>
               <HpRunningLight05>
                  <Position type="Vector">1.3971198, -2.6671019, 7.187439</Position>
                  <Orientation type="Matrix">
                       1.0000000000,  102.13105e-15, -262.26832e-09,
                       0.0000000000,  -1.0000000000, -389.41437e-09,
                     -262.26832e-09,  389.41437e-09,  -1.0000000000
                  </Orientation>
               </HpRunningLight05>
               <HpRunningLight06>
                  <Position type="Vector">0.48561844, 5.8897805, -8.9815807</Position>
                  <Orientation type="Matrix">
                       1.0000000000,  15.855329e-15,  14.210852e-15,
                     -15.855329e-15,   1.0000000000,  -0.0000000000,
                     -14.210852e-15, -225.31772e-30,   1.0000000000
                  </Orientation>
               </HpRunningLight06>
               <HpRunningLight07>
                  <Position type="Vector">-0.50943309, 5.8895679, -8.9812651</Position>
                  <Orientation type="Matrix">
                       1.0000000000,  15.855329e-15,  14.210852e-15,
                     -15.855329e-15,   1.0000000000,  -0.0000000000,
                     -14.210852e-15, -225.31772e-30,   1.0000000000
                  </Orientation>
               </HpRunningLight07>
               <HpShield01>
                  <Position type="Vector">0.0022395274, 4.1191444, -9.571249</Position>
                  <Orientation type="Matrix">
                       1.0000000000,  5.3290688e-15,  7.1054274e-15,
                     -5.3290688e-15,   1.0000000000,  -0.0000000000,
                     -7.1054274e-15, -37.865311e-30,   1.0000000000
                  </Orientation>
               </HpShield01>
               <HpThruster01>
                  <Position type="Vector">-654.30364e-6, 3.4505901, 10.622687</Position>
                  <Orientation type="Matrix">
                       1.0000000000,  10.216842e-09,  116.77907e-09,
                       0.0000000000,   0.9961947200,  -0.0871557220,
                     -117.22514e-09,   0.0871557220,   0.9961947200
                  </Orientation>
               </HpThruster01>
               <HpTractor_Source>
                  <Position type="Vector">-1.5776109e-6, -0.15287417, -12.878353</Position>
                  <Orientation type="Matrix">
                       1.0000000000,  5.8599925e-09,  174.03750e-09,
                     -5.8599925e-09,   1.0000000000,  -0.0000000000,
                     -174.03750e-09, -1.0198584e-15,   1.0000000000
                  </Orientation>
               </HpTractor_Source>
            </Fixed>
            <Revolute>
               <HpTurret01>
                  <Position type="Vector">-655.06651e-6, 4.8589721, 4.804873</Position>
                  <Orientation type="Matrix">
                       1.0000000000,   0.0000000000,  117.22511e-09,
                       0.0000000000,   1.0000000000,  -0.0000000000,
                     -117.22511e-09,  -0.0000000000,   1.0000000000
                  </Orientation>
                  <Axis type="Vector">0, 1, -0</Axis>
                  <Min type="float">-6.2831855</Min>
                  <Max type="float">6.2831855</Max>
               </HpTurret01>
               <HpTurret07>
                  <Position type="Vector">-4.6839095e-6, -1.8021057, -9.4650745</Position>
                  <Orientation type="Matrix">
                      -1.0000000000,  389.41448e-09, -389.41423e-09,
                     -389.41434e-09,  -1.0000000000, -389.41437e-09,
                     -389.41437e-09, -389.41423e-09,   1.0000000000
                  </Orientation>
                  <Axis type="Vector">0, 1, -0</Axis>
                  <Min type="float">-6.2831855</Min>
                  <Max type="float">6.2831855</Max>
               </HpTurret07>
               <HpWeapon01>
                  <Position type="Vector">-1.9739792, 2.1540611, -8.9653282</Position>
                  <Orientation type="Matrix">
                       1.0000000000,   0.0000000000,  121.08451e-09,
                       0.0000000000,   1.0000000000,  -0.0000000000,
                     -121.08451e-09,  -0.0000000000,   1.0000000000
                  </Orientation>
                  <Axis type="Vector">0, 1, -0</Axis>
                  <Min type="float">-0.08727</Min>
                  <Max type="float">0.78538001</Max>
               </HpWeapon01>
               <HpWeapon02>
                  <Position type="Vector">1.9650294, 2.1540611, -8.965332</Position>
                  <Orientation type="Matrix">
                       1.0000000000, -58.361126e-15,  122.39215e-09,
                       0.0000000000,   1.0000000000,  476.83716e-09,
                     -122.39215e-09, -476.83716e-09,   1.0000000000
                  </Orientation>
                  <Axis type="Vector">0, 1, -0</Axis>
                  <Min type="float">-0.7854</Min>
                  <Max type="float">0.08726</Max>
               </HpWeapon02>
               <HpTurret04>
                  <Position type="Vector">-655.06651e-6, 3.9989698, -6.3848605</Position>
                  <Orientation type="Matrix">
                       1.0000000000, -476.83716e-09,  185.68721e-15,
                      476.83716e-09,   1.0000000000, -389.41431e-09,
                      -0.0000000000,  389.41431e-09,   1.0000000000
                  </Orientation>
                  <Axis type="Vector">0, 0, 1</Axis>
                  <Min type="float">-6.2831855</Min>
                  <Max type="float">6.2831855</Max>
               </HpTurret04>
               <HpTurret05>
                  <Position type="Vector">-655.06651e-6, 3.4189694, 11.044875</Position>
                  <Orientation type="Matrix">
                       1.0000000000,  29.802326e-09, -5.5511151e-15,
                     -29.649760e-09,   0.9948807400,  -0.1010561700,
                     -3.0117033e-09,   0.1010561700,   0.9948807400
                  </Orientation>
                  <Axis type="Vector">0, 0, 1</Axis>
                  <Min type="float">-6.2831855</Min>
                  <Max type="float">6.2831855</Max>
               </HpTurret05>
               <HpTurret06>
                  <Position type="Vector">-655.06651e-6, 4.1189728, -9.38486</Position>
                  <Orientation type="Matrix">
                       1.0000000000,  389.41428e-09,  389.41428e-09,
                     -389.41428e-09,   1.0000000000,  -0.0000000000,
                     -389.41428e-09, -151.64348e-15,   1.0000000000
                  </Orientation>
                  <Axis type="Vector">0, 0, 1</Axis>
                  <Min type="float">-6.2831855</Min>
                  <Max type="float">6.2831855</Max>
               </HpTurret06>
               <HpTurret08>
                  <Position type="Vector">-2, 0.68000031, -9.5</Position>
                  <Orientation type="Matrix">
                       1.0000000000, -476.83716e-09, -75.730261e-15,
                      476.83716e-09,   1.0000000000,  476.83716e-09,
                     -151.64341e-15, -476.83716e-09,   1.0000000000
                  </Orientation>
                  <Axis type="Vector">0, 0, 1</Axis>
                  <Min type="float">-0.34906581</Min>
                  <Max type="float">0.17453291</Max>
               </HpTurret08>
               <HpWeapon03>
                  <Position type="Vector">0.53999978, -0.049998373, -11.185383</Position>
                  <Orientation type="Matrix">
                       1.0000000000,  28.127291e-09, -476.83716e-09,
                     -28.127291e-09,   1.0000000000,  -0.0000000000,
                      476.83716e-09,  13.412137e-15,   1.0000000000
                  </Orientation>
                  <Axis type="Vector">0, 0, 1</Axis>
                  <Min type="float">-0.7854</Min>
                  <Max type="float">0.08726</Max>
               </HpWeapon03>
               <HpWeapon04>
                  <Position type="Vector">0.54, 0.19000164, -11.185383</Position>
                  <Orientation type="Matrix">
                       1.0000000000,   0.0000000000,  -0.0000000000,
                       0.0000000000,   1.0000000000, -243.51155e-09,
                      -0.0000000000,  243.51155e-09,   1.0000000000
                  </Orientation>
                  <Axis type="Vector">0, 0, 1</Axis>
                  <Min type="float">-0.7854</Min>
                  <Max type="float">0.087259986</Max>
               </HpWeapon04>
               <HpTurret09>
                  <Position type="Vector">2, 0.68, -9.5</Position>
                  <Orientation type="Matrix">
                       1.0000000000,   0.0000000000,  389.41420e-09,
                       0.0000000000,   1.0000000000,  -0.0000000000,
                     -389.41420e-09,  -0.0000000000,   1.0000000000
                  </Orientation>
                  <Axis type="Vector">0, 0, 1</Axis>
                  <Min type="float">-0.34906578</Min>
                  <Max type="float">0.17453289</Max>
               </HpTurret09>
            </Revolute>
         </Hardpoints>
      </bm_xe_fr231210193515.3db>
      <Li_port_sidepanel_lod1231210193515.3db>
         <MultiLevel>
            <Switch2 type="float array" count="6">
               0,
               100,
               1000,
               10000,
               100000,
               1000000
            </Switch2>
            <Level0>
               <VMeshPart>
                  <VMeshRef type="VMeshRef">
                     <!-- header size  --> 60,
                     <!-- vmesh lib    --> bm_xe_fr.lod0-112.vms,
                     <!-- start vert   --> 2547,
                     <!-- num verts    --> 104,
                     <!-- start index  --> 4215,
                     <!-- num indices  --> 150,
                     <!-- start mesh   --> 12,
                     <!-- num meshes   --> 3,
                     <!-- bounding box --> -0.78935337,  2.2190681,  5.7061758,
                                           -3.2757659,  -1.1623691, -4.0154567,
                     <!-- center       --> -1.9378117,   0.4420149,  0.87551177,
                     <!-- radius       --> 5.2739525
                  </VMeshRef>
               </VMeshPart>
            </Level0>
            <Level1>
               <VMeshPart>
                  <VMeshRef type="VMeshRef">
                     <!-- header size  --> 60,
                     <!-- vmesh lib    --> bm_xe_fr.lod1-112.vms,
                     <!-- start vert   --> 1631,
                     <!-- num verts    --> 70,
                     <!-- start index  --> 2550,
                     <!-- num indices  --> 96,
                     <!-- start mesh   --> 12,
                     <!-- num meshes   --> 3,
                     <!-- bounding box --> -0.78935337,  2.2190681,  5.7061758,
                                           -3.2757659,  -1.1623691, -4.0154567,
                     <!-- center       --> -1.9378117,   0.4420149,  0.87551177,
                     <!-- radius       --> 5.2739525
                  </VMeshRef>
               </VMeshPart>
            </Level1>
            <Level2>
               <VMeshPart>
                  <VMeshRef type="VMeshRef">
                     <!-- header size  --> 60,
                     <!-- vmesh lib    --> bm_xe_fr.lod2-112.vms,
                     <!-- start vert   --> 724,
                     <!-- num verts    --> 44,
                     <!-- start index  --> 1020,
                     <!-- num indices  --> 54,
                     <!-- start mesh   --> 7,
                     <!-- num meshes   --> 2,
                     <!-- bounding box --> -0.78935337,  2.2190681,  5.7061758,
                                           -3.2757659,  -1.1623691, -4.0154567,
                     <!-- center       --> -1.9378117,   0.4420149,  0.87551177,
                     <!-- radius       --> 5.2739525
                  </VMeshRef>
               </VMeshPart>
            </Level2>
            <Level3>
               <VMeshPart>
                  <VMeshRef type="VMeshRef">
                     <!-- header size  --> 60,
                     <!-- vmesh lib    --> bm_xe_fr.lod3-112.vms,
                     <!-- start vert   --> 411,
                     <!-- num verts    --> 30,
                     <!-- start index  --> 570,
                     <!-- num indices  --> 36,
                     <!-- start mesh   --> 4,
                     <!-- num meshes   --> 2,
                     <!-- bounding box --> -0.78935337,  2.2190681,  5.7061758,
                                           -3.2757659,  -1.1623691, -4.0154567,
                     <!-- center       --> -1.9378117,   0.4420149,  0.87551177,
                     <!-- radius       --> 5.2739525
                  </VMeshRef>
               </VMeshPart>
            </Level3>
            <Level4>
               <VMeshPart>
                  <VMeshRef type="VMeshRef">
                     <!-- header size  --> 60,
                     <!-- vmesh lib    --> bm_xe_fr.lod4-112.vms,
                     <!-- start vert   --> 164,
                     <!-- num verts    --> 12,
                     <!-- start index  --> 216,
                     <!-- num indices  --> 12,
                     <!-- start mesh   --> 1,
                     <!-- num meshes   --> 2,
                     <!-- bounding box --> -0.78935337,  2.2190681,  5.7061758,
                                           -3.2757659,  -1.1623693, -4.0154562,
                     <!-- center       --> -1.9378117,   0.4420149,  0.87551177,
                     <!-- radius       --> 5.273952
                  </VMeshRef>
               </VMeshPart>
            </Level4>
         </MultiLevel>
         <VMeshWire include="bm_xe_fr_cmp\Li_port_sidepanel_lod1.vwd.xml"/>
         <Hardpoints>
            <Fixed>
               <HpContrail01>
                  <Position type="Vector">-3.2759204, -0.93552244, 2.1637483</Position>
                  <Orientation type="Matrix">
                       1.0000000000,  27.381246e-09,  132.32376e-09,
                     -27.381246e-09,   1.0000000000, -2.3687328e-09,
                     -132.32376e-09,  2.3687292e-09,   1.0000000000
                  </Orientation>
               </HpContrail01>
            </Fixed>
            <Revolute>
               <HpTurret02>
                  <Position type="Vector">-3.2734256, -0.54199773, 0.7944904</Position>
                  <Orientation type="Matrix">
                     -162.92068e-09,  -1.0000000000,  124.57255e-09,
                       1.0000000000, -162.92068e-09,  10.147722e-15,
                      10.147722e-15,  124.57255e-09,   1.0000000000
                  </Orientation>
                  <Axis type="Vector">0, 1, -0</Axis>
                  <Min type="float">-6.2831855</Min>
                  <Max type="float">6.2831855</Max>
               </HpTurret02>
            </Revolute>
         </Hardpoints>
      </Li_port_sidepanel_lod1231210193515.3db>
      <Li_starboard_sidepanel_lod1231210193515.3db>
         <MultiLevel>
            <Switch2 type="float array" count="6">
               0,
               100,
               1000,
               10000,
               100000,
               1000000
            </Switch2>
            <Level0>
               <VMeshPart>
                  <VMeshRef type="VMeshRef">
                     <!-- header size  --> 60,
                     <!-- vmesh lib    --> bm_xe_fr.lod0-112.vms,
                     <!-- start vert   --> 2651,
                     <!-- num verts    --> 104,
                     <!-- start index  --> 4365,
                     <!-- num indices  --> 150,
                     <!-- start mesh   --> 15,
                     <!-- num meshes   --> 3,
                     <!-- bounding box --> 3.2757654,   2.2190681,   5.7061758,
                                           0.78935349, -1.1623691,  -4.0154572,
                     <!-- center       --> 1.9378117,   0.44201493,  0.87551159,
                     <!-- radius       --> 5.273953
                  </VMeshRef>
               </VMeshPart>
            </Level0>
            <Level1>
               <VMeshPart>
                  <VMeshRef type="VMeshRef">
                     <!-- header size  --> 60,
                     <!-- vmesh lib    --> bm_xe_fr.lod1-112.vms,
                     <!-- start vert   --> 1701,
                     <!-- num verts    --> 70,
                     <!-- start index  --> 2646,
                     <!-- num indices  --> 96,
                     <!-- start mesh   --> 15,
                     <!-- num meshes   --> 3,
                     <!-- bounding box --> 3.2757654,   2.2190681,   5.7061758,
                                           0.78935349, -1.1623691,  -4.0154572,
                     <!-- center       --> 1.9378117,   0.44201493,  0.87551159,
                     <!-- radius       --> 5.273953
                  </VMeshRef>
               </VMeshPart>
            </Level1>
            <Level2>
               <VMeshPart>
                  <VMeshRef type="VMeshRef">
                     <!-- header size  --> 60,
                     <!-- vmesh lib    --> bm_xe_fr.lod2-112.vms,
                     <!-- start vert   --> 768,
                     <!-- num verts    --> 44,
                     <!-- start index  --> 1074,
                     <!-- num indices  --> 54,
                     <!-- start mesh   --> 9,
                     <!-- num meshes   --> 2,
                     <!-- bounding box --> 3.2757654,   2.2190681,   5.7061758,
                                           0.78935349, -1.1623691,  -4.0154572,
                     <!-- center       --> 1.9378117,   0.44201493,  0.87551159,
                     <!-- radius       --> 5.273953
                  </VMeshRef>
               </VMeshPart>
            </Level2>
            <Level3>
               <VMeshPart>
                  <VMeshRef type="VMeshRef">
                     <!-- header size  --> 60,
                     <!-- vmesh lib    --> bm_xe_fr.lod3-112.vms,
                     <!-- start vert   --> 441,
                     <!-- num verts    --> 30,
                     <!-- start index  --> 606,
                     <!-- num indices  --> 36,
                     <!-- start mesh   --> 6,
                     <!-- num meshes   --> 2,
                     <!-- bounding box --> 3.2757654,   2.2190681,   5.7061758,
                                           0.78935349, -1.1623691,  -4.0154572,
                     <!-- center       --> 1.9378117,   0.44201493,  0.87551159,
                     <!-- radius       --> 5.273953
                  </VMeshRef>
               </VMeshPart>
            </Level3>
            <Level4>
               <VMeshPart>
                  <VMeshRef type="VMeshRef">
                     <!-- header size  --> 60,
                     <!-- vmesh lib    --> bm_xe_fr.lod4-112.vms,
                     <!-- start vert   --> 176,
                     <!-- num verts    --> 12,
                     <!-- start index  --> 228,
                     <!-- num indices  --> 12,
