<?xml version="1.0" encoding="ISO-8859-1"?>
<!-- XML generated by UTFXML Version 2.2 built 19-Aug-2010 -->
<UTFXML filename="li_colorado_station_deck.cmp" path="BASES\LIBERTY">
   <UTF_ROOT>
      <VMeshLibrary>
         <data.bases.liberty.li_colorado_station_deck.lod0-112.vms include="li_colorado_station_deck_cmp\lod0-112.vms.xml"/>
         <data.bases.liberty.li_colorado_station_deck.lod0-212.vms include="li_colorado_station_deck_cmp\lod0-212.vms.xml"/>
      </VMeshLibrary>
      <Exporter_Version name="Exporter Version" type="text">Nov  5 2002 11:41:55</Exporter_Version>
      <Cmpnd>
         <Root>
            <Object_name name="Object name" type="text">Root</Object_name>
            <File_name name="File name" type="text">Root_deck021126162142.3db</File_name>
            <Index type="int">0</Index>
         </Root>
         <Part_Bok_ST_01 name="Part_Bok_ST 01">
            <Object_name name="Object name" type="text">Bok_ST 01</Object_name>
            <File_name name="File name" type="text">Bok_ST 01021126162142.3db</File_name>
            <Index type="int">1</Index>
         </Part_Bok_ST_01>
         <Part_Bok_ST_02 name="Part_Bok_ST 02">
            <Object_name name="Object name" type="text">Bok_ST 02</Object_name>
            <File_name name="File name" type="text">Bok_ST 02021126162142.3db</File_name>
            <Index type="int">2</Index>
         </Part_Bok_ST_02>
         <Part_Bok_ST_Shluz_01 name="Part_Bok_ST_Shluz 01">
            <Object_name name="Object name" type="text">Bok_ST_Shluz 01</Object_name>
            <File_name name="File name" type="text">Bok_ST_Shluz 01021126162142.3db</File_name>
            <Index type="int">3</Index>
         </Part_Bok_ST_Shluz_01>
         <Part_Bok_ST_Shluz_02 name="Part_Bok_ST_Shluz 02">
            <Object_name name="Object name" type="text">Bok_ST_Shluz 02</Object_name>
            <File_name name="File name" type="text">Bok_ST_Shluz 02021126162142.3db</File_name>
            <Index type="int">4</Index>
         </Part_Bok_ST_Shluz_02>
         <Part_Bok_VIH_01 name="Part_Bok_VIH 01">
            <Object_name name="Object name" type="text">Bok_VIH 01</Object_name>
            <File_name name="File name" type="text">Bok_VIH 01021126162142.3db</File_name>
            <Index type="int">5</Index>
         </Part_Bok_VIH_01>
         <Part_Bok_VIH_02 name="Part_Bok_VIH 02">
            <Object_name name="Object name" type="text">Bok_VIH 02</Object_name>
            <File_name name="File name" type="text">Bok_VIH 02021126162142.3db</File_name>
            <Index type="int">6</Index>
         </Part_Bok_VIH_02>
         <Part_Cat-01>
            <Object_name name="Object name" type="text">Cat-01</Object_name>
            <File_name name="File name" type="text">Cat-01021126162142.3db</File_name>
            <Index type="int">7</Index>
         </Part_Cat-01>
         <Part_Cat-02>
            <Object_name name="Object name" type="text">Cat-02</Object_name>
            <File_name name="File name" type="text">Cat-02021126162142.3db</File_name>
            <Index type="int">8</Index>
         </Part_Cat-02>
         <Part_Cat-03>
            <Object_name name="Object name" type="text">Cat-03</Object_name>
            <File_name name="File name" type="text">Cat-03021126162142.3db</File_name>
            <Index type="int">9</Index>
         </Part_Cat-03>
         <Part_Cat-04>
            <Object_name name="Object name" type="text">Cat-04</Object_name>
            <File_name name="File name" type="text">Cat-04021126162142.3db</File_name>
            <Index type="int">10</Index>
         </Part_Cat-04>
         <Part_Dop_PODIUM_01 name="Part_Dop_PODIUM 01">
            <Object_name name="Object name" type="text">Dop_PODIUM 01</Object_name>
            <File_name name="File name" type="text">Dop_PODIUM 01021126162142.3db</File_name>
            <Index type="int">11</Index>
         </Part_Dop_PODIUM_01>
         <Part_Krijo-01>
            <Object_name name="Object name" type="text">Krijo-01</Object_name>
            <File_name name="File name" type="text">Krijo-01021126162142.3db</File_name>
            <Index type="int">12</Index>
         </Part_Krijo-01>
         <Part_Krijo-02>
            <Object_name name="Object name" type="text">Krijo-02</Object_name>
            <File_name name="File name" type="text">Krijo-02021126162142.3db</File_name>
            <Index type="int">13</Index>
         </Part_Krijo-02>
         <Part_Krijo-03>
            <Object_name name="Object name" type="text">Krijo-03</Object_name>
            <File_name name="File name" type="text">Krijo-03021126162142.3db</File_name>
            <Index type="int">14</Index>
         </Part_Krijo-03>
         <Part_Krijo-04>
            <Object_name name="Object name" type="text">Krijo-04</Object_name>
            <File_name name="File name" type="text">Krijo-04021126162142.3db</File_name>
            <Index type="int">15</Index>
         </Part_Krijo-04>
         <Part_Krijo-05>
            <Object_name name="Object name" type="text">Krijo-05</Object_name>
            <File_name name="File name" type="text">Krijo-05021126162142.3db</File_name>
            <Index type="int">16</Index>
         </Part_Krijo-05>
         <Part_Krijo-06>
            <Object_name name="Object name" type="text">Krijo-06</Object_name>
            <File_name name="File name" type="text">Krijo-06021126162142.3db</File_name>
            <Index type="int">17</Index>
         </Part_Krijo-06>
         <Part_Krijo-07>
            <Object_name name="Object name" type="text">Krijo-07</Object_name>
            <File_name name="File name" type="text">Krijo-07021126162142.3db</File_name>
            <Index type="int">18</Index>
         </Part_Krijo-07>
         <Part_Krijo-08>
            <Object_name name="Object name" type="text">Krijo-08</Object_name>
            <File_name name="File name" type="text">Krijo-08021126162142.3db</File_name>
            <Index type="int">19</Index>
         </Part_Krijo-08>
         <Part_Lev_DVER_01 name="Part_Lev_DVER 01">
            <Object_name name="Object name" type="text">Lev_DVER 01</Object_name>
            <File_name name="File name" type="text">Lev_DVER 01021126162142.3db</File_name>
            <Index type="int">20</Index>
         </Part_Lev_DVER_01>
         <Part_Liftic_01 name="Part_Liftic 01">
            <Object_name name="Object name" type="text">Liftic 01</Object_name>
            <File_name name="File name" type="text">Liftic 01021126162142.3db</File_name>
            <Index type="int">21</Index>
         </Part_Liftic_01>
         <Part_Niz_Dver_01 name="Part_Niz_Dver 01">
            <Object_name name="Object name" type="text">Niz_Dver 01</Object_name>
            <File_name name="File name" type="text">Niz_Dver 01021126162142.3db</File_name>
            <Index type="int">22</Index>
         </Part_Niz_Dver_01>
         <Part_Niz_SHACHTA_01 name="Part_Niz_SHACHTA 01">
            <Object_name name="Object name" type="text">Niz_SHACHTA 01</Object_name>
            <File_name name="File name" type="text">Niz_SHACHTA 01021126162142.3db</File_name>
            <Index type="int">23</Index>
         </Part_Niz_SHACHTA_01>
         <Part_Pilon-01>
            <Object_name name="Object name" type="text">Pilon-01</Object_name>
            <File_name name="File name" type="text">Pilon-01021126162142.3db</File_name>
            <Index type="int">24</Index>
         </Part_Pilon-01>
         <Part_Pilon-02>
            <Object_name name="Object name" type="text">Pilon-02</Object_name>
            <File_name name="File name" type="text">Pilon-02021126162142.3db</File_name>
            <Index type="int">25</Index>
         </Part_Pilon-02>
         <Part_Pilon-03>
            <Object_name name="Object name" type="text">Pilon-03</Object_name>
            <File_name name="File name" type="text">Pilon-03021126162142.3db</File_name>
            <Index type="int">26</Index>
         </Part_Pilon-03>
         <Part_Pilon-04>
            <Object_name name="Object name" type="text">Pilon-04</Object_name>
            <File_name name="File name" type="text">Pilon-04021126162142.3db</File_name>
            <Index type="int">27</Index>
         </Part_Pilon-04>
         <Part_Prav_DVER_01 name="Part_Prav_DVER 01">
            <Object_name name="Object name" type="text">Prav_DVER 01</Object_name>
            <File_name name="File name" type="text">Prav_DVER 01021126162142.3db</File_name>
            <Index type="int">28</Index>
         </Part_Prav_DVER_01>
         <Part_Propeller_01 name="Part_Propeller 01">
            <Object_name name="Object name" type="text">Propeller 01</Object_name>
            <File_name name="File name" type="text">Propeller 01021126162142.3db</File_name>
            <Index type="int">29</Index>
         </Part_Propeller_01>
         <Part_Resora_01 name="Part_Resora 01">
            <Object_name name="Object name" type="text">Resora 01</Object_name>
            <File_name name="File name" type="text">Resora 01021126162142.3db</File_name>
            <Index type="int">30</Index>
         </Part_Resora_01>
         <Part_Resora_02 name="Part_Resora 02">
            <Object_name name="Object name" type="text">Resora 02</Object_name>
            <File_name name="File name" type="text">Resora 02021126162142.3db</File_name>
            <Index type="int">31</Index>
         </Part_Resora_02>
         <Part_Resora_03 name="Part_Resora 03">
            <Object_name name="Object name" type="text">Resora 03</Object_name>
            <File_name name="File name" type="text">Resora 03021126162142.3db</File_name>
            <Index type="int">32</Index>
         </Part_Resora_03>
         <Part_Resora_04 name="Part_Resora 04">
            <Object_name name="Object name" type="text">Resora 04</Object_name>
            <File_name name="File name" type="text">Resora 04021126162142.3db</File_name>
            <Index type="int">33</Index>
         </Part_Resora_04>
         <Part_Steklo_01 name="Part_Steklo 01">
            <Object_name name="Object name" type="text">Steklo 01</Object_name>
            <File_name name="File name" type="text">Steklo 01021126162142.3db</File_name>
            <Index type="int">34</Index>
         </Part_Steklo_01>
         <Part_Vih_PODIUM_01 name="Part_Vih_PODIUM 01">
            <Object_name name="Object name" type="text">Vih_PODIUM 01</Object_name>
            <File_name name="File name" type="text">Vih_PODIUM 01021126162142.3db</File_name>
            <Index type="int">35</Index>
         </Part_Vih_PODIUM_01>
         <Part_ceiling>
            <Object_name name="Object name" type="text">ceiling</Object_name>
            <File_name name="File name" type="text">ceiling021126162142.3db</File_name>
            <Index type="int">36</Index>
         </Part_ceiling>
         <Part_Door01>
            <Object_name name="Object name" type="text">Door01</Object_name>
            <File_name name="File name" type="text">Door01021126162142.3db</File_name>
            <Index type="int">37</Index>
         </Part_Door01>
         <Part_Door02>
            <Object_name name="Object name" type="text">Door02</Object_name>
            <File_name name="File name" type="text">Door02021126162142.3db</File_name>
            <Index type="int">38</Index>
         </Part_Door02>
         <Part_Door03>
            <Object_name name="Object name" type="text">Door03</Object_name>
            <File_name name="File name" type="text">Door03021126162142.3db</File_name>
            <Index type="int">39</Index>
         </Part_Door03>
         <Part_room>
            <Object_name name="Object name" type="text">room</Object_name>
            <File_name name="File name" type="text">room021126162142.3db</File_name>
            <Index type="int">40</Index>
         </Part_room>
         <Part_entrance_ceiling>
            <Object_name name="Object name" type="text">entrance_ceiling</Object_name>
            <File_name name="File name" type="text">entrance_ceiling021126162142.3db</File_name>
            <Index type="int">41</Index>
         </Part_entrance_ceiling>
         <Cons>
            <Fix type="Fix" count="37">
               <part>
                  <!-- parent      --> "Root",
                  <!-- child       --> "Bok_ST 01",
                  <!-- position    --> 15.357025, 7.6663613, 0.014901541,
                  <!-- orientation -->   1.0000000000, -710.77605e-18,  1.4203836e-15,
                                        710.77605e-18,   1.0000000000,  4.6895522e-15,
                                       -1.4203836e-15, -4.6895522e-15,   1.0000000000
               </part>
               <part>
                  <!-- parent      --> "Root",
                  <!-- child       --> "Bok_ST 02",
                  <!-- position    --> -15.354535, 7.6664829, -0.0052377046,
                  <!-- orientation -->   1.0000000000, -710.77605e-18,  1.4203836e-15,
                                        710.77605e-18,   1.0000000000,  4.6895522e-15,
                                       -1.4203836e-15, -4.6895522e-15,   1.0000000000
               </part>
               <part>
                  <!-- parent      --> "Root",
                  <!-- child       --> "Bok_ST_Shluz 01",
                  <!-- position    --> -0.012432618, 7.6663613, -9.8892612,
                  <!-- orientation -->   1.0000000000, -710.77605e-18,  1.4203836e-15,
                                        710.77605e-18,   1.0000000000,  4.6895522e-15,
                                       -1.4203836e-15, -4.6895522e-15,   1.0000000000
               </part>
               <part>
                  <!-- parent      --> "Root",
                  <!-- child       --> "Bok_ST_Shluz 02",
                  <!-- position    --> -0.029030133, 7.6663599, 21.357321,
                  <!-- orientation -->   1.0000000000, -710.77605e-18,  1.4203836e-15,
                                        710.77605e-18,   1.0000000000,  4.6895522e-15,
                                       -1.4203836e-15, -4.6895522e-15,   1.0000000000
               </part>
               <part>
                  <!-- parent      --> "Root",
                  <!-- child       --> "Bok_VIH 01",
                  <!-- position    --> 23.895689, 5.481956, 510.4207e-9,
                  <!-- orientation -->   1.0000000000, -710.77605e-18,  1.4203836e-15,
                                        710.77605e-18,   1.0000000000,  4.6895522e-15,
                                       -1.4203836e-15, -4.6895522e-15,   1.0000000000
               </part>
               <part>
                  <!-- parent      --> "Root",
                  <!-- child       --> "Bok_VIH 02",
                  <!-- position    --> -25.020693, 5.481956, 1.0989023e-6,
                  <!-- orientation -->   1.0000000000, -710.77605e-18,  1.4203836e-15,
                                        710.77605e-18,   1.0000000000,  4.6895522e-15,
                                       -1.4203836e-15, -4.6895522e-15,   1.0000000000
               </part>
               <part>
                  <!-- parent      --> "Root",
                  <!-- child       --> "Cat-01",
                  <!-- position    --> 17.589071, 13.959777, 17.774351,
                  <!-- orientation -->   1.0000000000, -710.77605e-18,  1.4203836e-15,
                                        710.77605e-18,   1.0000000000,  4.6895522e-15,
                                       -1.4203836e-15, -4.6895522e-15,   1.0000000000
               </part>
               <part>
                  <!-- parent      --> "Root",
                  <!-- child       --> "Cat-02",
                  <!-- position    --> 17.774349, 13.959776, -17.589071,
                  <!-- orientation -->   1.0000000000, -710.77605e-18,  1.4203836e-15,
                                        710.77605e-18,   1.0000000000,  4.6895522e-15,
                                       -1.4203836e-15, -4.6895522e-15,   1.0000000000
               </part>
               <part>
                  <!-- parent      --> "Root",
                  <!-- child       --> "Cat-03",
                  <!-- position    --> -17.589071, 13.959776, -17.774349,
                  <!-- orientation -->   1.0000000000, -710.77605e-18,  1.4203836e-15,
                                        710.77605e-18,   1.0000000000,  4.6895522e-15,
                                       -1.4203836e-15, -4.6895522e-15,   1.0000000000
               </part>
               <part>
                  <!-- parent      --> "Root",
                  <!-- child       --> "Cat-04",
                  <!-- position    --> -17.774351, 13.959777, 17.589071,
                  <!-- orientation -->   1.0000000000, -710.77605e-18,  1.4203836e-15,
                                        710.77605e-18,   1.0000000000,  4.6895522e-15,
                                       -1.4203836e-15, -4.6895522e-15,   1.0000000000
               </part>
               <part>
                  <!-- parent      --> "Root",
                  <!-- child       --> "Dop_PODIUM 01",
                  <!-- position    --> 623.35824e-6, -2.9005949, 20.050364,
                  <!-- orientation -->   1.0000000000, -710.77605e-18,  1.4203836e-15,
                                        710.77605e-18,   1.0000000000,  4.6895522e-15,
                                       -1.4203836e-15, -4.6895522e-15,   1.0000000000
               </part>
               <part>
                  <!-- parent      --> "Root",
                  <!-- child       --> "Krijo-01",
                  <!-- position    --> 19.833015, 14.331648, 18.166981,
                  <!-- orientation -->   1.0000000000, -710.77605e-18,  1.4203836e-15,
                                        710.77605e-18,   1.0000000000,  4.6895522e-15,
                                       -1.4203836e-15, -4.6895522e-15,   1.0000000000
               </part>
               <part>
                  <!-- parent      --> "Root",
                  <!-- child       --> "Krijo-02",
                  <!-- position    --> 17.98131, 14.331651, 20.018682,
                  <!-- orientation -->   1.0000000000, -710.77605e-18,  1.4203836e-15,
                                        710.77605e-18,   1.0000000000,  4.6895522e-15,
                                       -1.4203836e-15, -4.6895522e-15,   1.0000000000
               </part>
               <part>
                  <!-- parent      --> "Root",
                  <!-- child       --> "Krijo-03",
                  <!-- position    --> 18.166979, 14.331646, -19.833014,
                  <!-- orientation -->   1.0000000000, -710.77605e-18,  1.4203836e-15,
                                        710.77605e-18,   1.0000000000,  4.6895522e-15,
                                       -1.4203836e-15, -4.6895522e-15,   1.0000000000
               </part>
               <part>
                  <!-- parent      --> "Root",
                  <!-- child       --> "Krijo-04",
                  <!-- position    --> 20.018679, 14.33165, -17.981312,
                  <!-- orientation -->   1.0000000000, -710.77605e-18,  1.4203836e-15,
                                        710.77605e-18,   1.0000000000,  4.6895522e-15,
                                       -1.4203836e-15, -4.6895522e-15,   1.0000000000
               </part>
               <part>
                  <!-- parent      --> "Root",
                  <!-- child       --> "Krijo-05",
                  <!-- position    --> -19.833019, 14.331649, -18.166985,
                  <!-- orientation -->   1.0000000000, -710.77605e-18,  1.4203836e-15,
                                        710.77605e-18,   1.0000000000,  4.6895522e-15,
                                       -1.4203836e-15, -4.6895522e-15,   1.0000000000
               </part>
               <part>
                  <!-- parent      --> "Root",
                  <!-- child       --> "Krijo-06",
                  <!-- position    --> -17.981314, 14.331649, -20.018682,
                  <!-- orientation -->   1.0000000000, -710.77605e-18,  1.4203836e-15,
                                        710.77605e-18,   1.0000000000,  4.6895522e-15,
                                       -1.4203836e-15, -4.6895522e-15,   1.0000000000
               </part>
               <part>
                  <!-- parent      --> "Root",
                  <!-- child       --> "Krijo-07",
                  <!-- position    --> -18.166981, 14.331646, 19.833012,
                  <!-- orientation -->   1.0000000000, -710.77605e-18,  1.4203836e-15,
                                        710.77605e-18,   1.0000000000,  4.6895522e-15,
                                       -1.4203836e-15, -4.6895522e-15,   1.0000000000
               </part>
               <part>
                  <!-- parent      --> "Root",
                  <!-- child       --> "Krijo-08",
                  <!-- position    --> -20.018681, 14.33165, 17.98131,
                  <!-- orientation -->   1.0000000000, -710.77605e-18,  1.4203836e-15,
                                        710.77605e-18,   1.0000000000,  4.6895522e-15,
                                       -1.4203836e-15, -4.6895522e-15,   1.0000000000
               </part>
               <part>
                  <!-- parent      --> "Root",
                  <!-- child       --> "Lev_DVER 01",
                  <!-- position    --> -16.359463, 6.9977722, -33.663326,
                  <!-- orientation -->   1.0000000000, -710.77605e-18,  1.4203836e-15,
                                        710.77605e-18,   1.0000000000,  4.6895522e-15,
                                       -1.4203836e-15, -4.6895522e-15,   1.0000000000
               </part>
               <part>
                  <!-- parent      --> "Root",
                  <!-- child       --> "Liftic 01",
                  <!-- position    --> 2.3126924, -1.5061326, 11.708772,
                  <!-- orientation -->   1.0000000000, -710.77605e-18,  1.4203836e-15,
                                        710.77605e-18,   1.0000000000,  4.6895522e-15,
                                       -1.4203836e-15, -4.6895522e-15,   1.0000000000
               </part>
               <part>
                  <!-- parent      --> "Root",
                  <!-- child       --> "Niz_Dver 01",
                  <!-- position    --> 0.0053343768, -7.8098264, -33.663349,
                  <!-- orientation -->   1.0000000000, -710.77605e-18,  1.4203836e-15,
                                        710.77605e-18,   1.0000000000,  4.6895522e-15,
                                       -1.4203836e-15, -4.6895522e-15,   1.0000000000
               </part>
               <part>
                  <!-- parent      --> "Root",
                  <!-- child       --> "Niz_SHACHTA 01",
                  <!-- position    --> -3.7814357e-6, -19.542265, -3.3369777e-6,
                  <!-- orientation -->   1.0000000000, -710.77605e-18,  1.4203836e-15,
                                        710.77605e-18,   1.0000000000,  4.6895522e-15,
                                       -1.4203836e-15, -4.6895522e-15,   1.0000000000
               </part>
               <part>
                  <!-- parent      --> "Root",
                  <!-- child       --> "Pilon-01",
                  <!-- position    --> -19.564817, 7.6664839, -19.601036,
                  <!-- orientation -->   1.0000000000, -710.77605e-18,  1.4203836e-15,
                                        710.77605e-18,   1.0000000000,  4.6895522e-15,
                                       -1.4203836e-15, -4.6895522e-15,   1.0000000000
               </part>
               <part>
                  <!-- parent      --> "Root",
                  <!-- child       --> "Pilon-02",
                  <!-- position    --> 19.588995, 7.6664815, -19.585886,
                  <!-- orientation -->   1.0000000000, -710.77605e-18,  1.4203836e-15,
                                        710.77605e-18,   1.0000000000,  4.6895522e-15,
                                       -1.4203836e-15, -4.6895522e-15,   1.0000000000
               </part>
               <part>
                  <!-- parent      --> "Root",
                  <!-- child       --> "Pilon-03",
                  <!-- position    --> 19.564348, 7.6664829, 19.585886,
                  <!-- orientation -->   1.0000000000, -710.77605e-18,  1.4203836e-15,
                                        710.77605e-18,   1.0000000000,  4.6895522e-15,
                                       -1.4203836e-15, -4.6895522e-15,   1.0000000000
               </part>
               <part>
                  <!-- parent      --> "Root",
                  <!-- child       --> "Pilon-04",
                  <!-- position    --> -19.559538, 7.6664829, 19.589724,
                  <!-- orientation -->   1.0000000000, -710.77605e-18,  1.4203836e-15,
                                        710.77605e-18,   1.0000000000,  4.6895522e-15,
                                       -1.4203836e-15, -4.6895522e-15,   1.0000000000
               </part>
               <part>
                  <!-- parent      --> "Root",
                  <!-- child       --> "Prav_DVER 01",
                  <!-- position    --> 18.81144, 6.9977722, -33.663322,
                  <!-- orientation -->   1.0000000000, -710.77605e-18,  1.4203836e-15,
                                        710.77605e-18,   1.0000000000,  4.6895522e-15,
                                       -1.4203836e-15, -4.6895522e-15,   1.0000000000
               </part>
               <part>
                  <!-- parent      --> "Root",
                  <!-- child       --> "Resora 01",
                  <!-- position    --> -11.769979, -3.7744207, 11.769981,
                  <!-- orientation -->   1.0000000000, -710.77605e-18,  1.4203836e-15,
                                        710.77605e-18,   1.0000000000,  4.6895522e-15,
                                       -1.4203836e-15, -4.6895522e-15,   1.0000000000
               </part>
               <part>
                  <!-- parent      --> "Root",
                  <!-- child       --> "Resora 02",
                  <!-- position    --> -11.711841, -3.7744193, -11.711836,
                  <!-- orientation -->   1.0000000000, -710.77605e-18,  1.4203836e-15,
                                        710.77605e-18,   1.0000000000,  4.6895522e-15,
                                       -1.4203836e-15, -4.6895522e-15,   1.0000000000
               </part>
               <part>
                  <!-- parent      --> "Root",
                  <!-- child       --> "Resora 03",
                  <!-- position    --> 11.597063, -3.774421, -11.597101,
                  <!-- orientation -->   1.0000000000, -710.77605e-18,  1.4203836e-15,
                                        710.77605e-18,   1.0000000000,  4.6895522e-15,
                                       -1.4203836e-15, -4.6895522e-15,   1.0000000000
               </part>
               <part>
                  <!-- parent      --> "Root",
                  <!-- child       --> "Resora 04",
                  <!-- position    --> 11.659093, -3.7744203, 11.659067,
                  <!-- orientation -->   1.0000000000, -710.77605e-18,  1.4203836e-15,
                                        710.77605e-18,   1.0000000000,  4.6895522e-15,
                                       -1.4203836e-15, -4.6895522e-15,   1.0000000000
               </part>
               <part>
                  <!-- parent      --> "Root",
                  <!-- child       --> "Steklo 01",
                  <!-- position    --> 14.1936, 7.7933216, 1.7054447e-6,
                  <!-- orientation -->   1.0000000000, -710.77605e-18,  1.4203836e-15,
                                        710.77605e-18,   1.0000000000,  4.6895522e-15,
                                       -1.4203836e-15, -4.6895522e-15,   1.0000000000
               </part>
               <part>
                  <!-- parent      --> "Root",
                  <!-- child       --> "Vih_PODIUM 01",
                  <!-- position    --> 3.8924663e-6, 3.8329053, -27.717871,
                  <!-- orientation -->   1.0000000000, -710.77605e-18,  1.4203836e-15,
                                        710.77605e-18,   1.0000000000,  4.6895522e-15,
                                       -1.4203836e-15, -4.6895522e-15,   1.0000000000
               </part>
               <part>
                  <!-- parent      --> "Root",
                  <!-- child       --> "ceiling",
                  <!-- position    --> -383.22041e-6, 27.166195, -0.0024220264,
                  <!-- orientation -->  -1.0000000000,  43.711371e-09,  107.28443e-09,
                                        107.28442e-09, -189.04046e-09,   1.0000000000,
                                        43.711392e-09,   1.0000000000,  189.04046e-09
               </part>
               <part>
                  <!-- parent      --> "Root",
                  <!-- child       --> "room",
                  <!-- position    --> 0.0214191, 7.6653481, 102.74532,
                  <!-- orientation -->  -1.0000000000,  258.28027e-09,  107.28449e-09,
                                        258.28029e-09,   1.0000000000,  352.51463e-09,
                                       -107.28439e-09,  352.51466e-09,  -1.0000000000
               </part>
               <part>
                  <!-- parent      --> "Root",
                  <!-- child       --> "entrance_ceiling",
                  <!-- position    --> -383.22041e-6, 27.166195, -0.0024220264,
                  <!-- orientation -->  -1.0000000000,  43.711371e-09,  107.28442e-09,
                                        107.28441e-09, -189.04046e-09,   1.0000000000,
                                        43.711392e-09,   1.0000000000,  189.04046e-09
               </part>
            </Fix>
            <Pris type="Rev" count="3">
               <part>
                  <!-- parent      --> "Root",
                  <!-- child       --> "Door01",
                  <!-- position    --> -6.4838691, 6.3250132, 33.89909,
                  <!-- offset      --> 0, 0, 0,
                  <!-- orientation -->  -1.0000000000,  258.28021e-09,  107.28444e-09,
                                        258.28024e-09,   1.0000000000,  352.51460e-09,
                                       -107.28435e-09,  352.51463e-09,  -1.0000000000,
                  <!-- axis        -->  -1.0000000000,  224.27352e-09,  63.878225e-09,
                  <!-- min, max    --> 0, 13.923673
               </part>
               <part>
                  <!-- parent      --> "Root",
                  <!-- child       --> "Door02",
                  <!-- position    --> 5.6387048, 6.3250051, 33.899078,
                  <!-- offset      --> 0, 0, 0,
                  <!-- orientation -->   1.0000000000, -43.711331e-09, -258.28021e-09,
                                        43.711331e-09,   1.0000000000, -24.444422e-15,
                                        258.28021e-09,  13.154650e-15,   1.0000000000,
                  <!-- axis        -->   1.0000000000,  62.689381e-09,  456.84249e-09,
                  <!-- min, max    --> 0, 11.538033
               </part>
               <part>
                  <!-- parent      --> "Root",
                  <!-- child       --> "Door03",
                  <!-- position    --> -0.42583472, -8.6244488, 33.912243,
                  <!-- offset      --> 0, 0, 0,
                  <!-- orientation -->  -1.0000000000,  258.28021e-09,  107.28444e-09,
                                        258.28024e-09,   1.0000000000,  352.51460e-09,
                                       -107.28435e-09,  352.51463e-09,  -1.0000000000,
                  <!-- axis        --> -106.72763e-09,  -1.0000000000, -284.15099e-09,
                  <!-- min, max    --> 0, 2.8862786
               </part>
            </Pris>
            <Rev type="Rev" count="1">
               <part>
                  <!-- parent      --> "Root",
                  <!-- child       --> "Propeller 01",
                  <!-- position    --> -830.95978e-9, -12.146936, -1.1049683,
                  <!-- offset      --> 0, 0, 0,
                  <!-- orientation -->   1.0000000000, -710.77605e-18,  1.4203836e-15,
                                        710.77605e-18,   1.0000000000,  4.6895522e-15,
                                       -1.4203836e-15, -4.6895522e-15,   1.0000000000,
                  <!-- axis        --> -107.28341e-09,  -1.0000000000, -173.62848e-09,
                  <!-- min, max    --> -6.2831855, 6.2831855
               </part>
            </Rev>
         </Cons>
      </Cmpnd>
      <Animation include="li_colorado_station_deck_cmp\Animation.xml"/>
      <Material_library name="Material library">
         <Material_count name="Material count" type="int">25</Material_count>
         <L_D_1_15>
            <Type type="text">DcDt</Type>
            <Dt_name type="text">c_d_1_15.tga</Dt_name>
            <Dt_flags type="int">0x40</Dt_flags>
         </L_D_1_15>
         <L_D_1_13>
            <Type type="text">DcDt</Type>
            <Dt_name type="text">c_d_1_13.tga</Dt_name>
            <Dt_flags type="int">0x40</Dt_flags>
         </L_D_1_13>
         <L_D_1_16>
            <Type type="text">DcDt</Type>
            <Dt_name type="text">c_d_1_16.tga</Dt_name>
            <Dt_flags type="int">0x40</Dt_flags>
         </L_D_1_16>
         <L_D_1_02>
            <Type type="text">DcDt</Type>
            <Dt_name type="text">c_d_1_02.tga</Dt_name>
            <Dt_flags type="int">0x40</Dt_flags>
         </L_D_1_02>
         <detailmap_L_D_1_22>
            <Type type="text">DcDtBt</Type>
            <Dt_name type="text">c_d_1_16.tga</Dt_name>
            <Dt_flags type="int">0x40</Dt_flags>
            <Bt_name type="text">dtl_tile.tga</Bt_name>
            <Bt_flags type="int">0x50</Bt_flags>
         </detailmap_L_D_1_22>
         <L_D_1_10>
            <Type type="text">DcDt</Type>
            <Dt_name type="text">c_d_1_10.tga</Dt_name>
            <Dt_flags type="int">0x40</Dt_flags>
         </L_D_1_10>
         <L_D_1_12>
            <Type type="text">DcDt</Type>
            <Dt_name type="text">c_d_1_12.tga</Dt_name>
            <Dt_flags type="int">0x40</Dt_flags>
         </L_D_1_12>
         <L_D_1_11>
            <Type type="text">DcDt</Type>
            <Dt_name type="text">c_d_1_11.tga</Dt_name>
            <Dt_flags type="int">0x40</Dt_flags>
         </L_D_1_11>
         <L_D_1_09>
            <Type type="text">DcDt</Type>
            <Dt_name type="text">c_d_1_09.tga</Dt_name>
            <Dt_flags type="int">0x40</Dt_flags>
         </L_D_1_09>
         <L_D_1_07>
            <Type type="text">DcDt</Type>
            <Dt_name type="text">c_d_1_07.tga</Dt_name>
            <Dt_flags type="int">0x40</Dt_flags>
         </L_D_1_07>
         <L_D_1_08>
            <Type type="text">DcDt</Type>
            <Dt_name type="text">c_d_1_08.tga</Dt_name>
            <Dt_flags type="int">0x40</Dt_flags>
         </L_D_1_08>
         <L_D_1_05>
            <Type type="text">DcDt</Type>
            <Dt_name type="text">c_d_1_05.tga</Dt_name>
            <Dt_flags type="int">0x40</Dt_flags>
         </L_D_1_05>
         <L_D_1_23>
            <Type type="text">DcDt</Type>
            <Dt_name type="text">c_d_1_23.tga</Dt_name>
            <Dt_flags type="int">0x40</Dt_flags>
         </L_D_1_23>
         <L_D_1_18>
            <Type type="text">DcDt</Type>
            <Dt_name type="text">c_d_1_18.tga</Dt_name>
            <Dt_flags type="int">0x40</Dt_flags>
         </L_D_1_18>
         <L_D_1_14>
            <Type type="text">DcDt</Type>
            <Dt_name type="text">c_d_1_14.tga</Dt_name>
            <Dt_flags type="int">0x40</Dt_flags>
         </L_D_1_14>
         <L_D_1_04>
            <Type type="text">DcDt</Type>
            <Dt_name type="text">c_d_1_04.tga</Dt_name>
            <Dt_flags type="int">0x40</Dt_flags>
         </L_D_1_04>
         <L_D_1_20>
            <Type type="text">DcDt</Type>
            <Dt_name type="text">c_d_1_20.tga</Dt_name>
            <Dt_flags type="int">0x40</Dt_flags>
         </L_D_1_20>
         <L_D_1_01>
            <Type type="text">DcDt</Type>
            <Dt_name type="text">c_d_1_01.tga</Dt_name>
            <Dt_flags type="int">0x40</Dt_flags>
         </L_D_1_01>
         <L_D_1_22>
            <Type type="text">DcDt</Type>
            <Dt_name type="text">c_d_1_22.tga</Dt_name>
            <Dt_flags type="int">0x40</Dt_flags>
         </L_D_1_22>
         <L_D_1_19>
            <Type type="text">DcDt</Type>
            <Dt_name type="text">c_d_1_19.tga</Dt_name>
            <Dt_flags type="int">0x40</Dt_flags>
         </L_D_1_19>
         <L_D_1_03>
            <Type type="text">DcDt</Type>
            <Dt_name type="text">c_d_1_03.tga</Dt_name>
            <Dt_flags type="int">0x40</Dt_flags>
         </L_D_1_03>
         <L_D_1_06>
            <Type type="text">DcDt</Type>
            <Dt_name type="text">c_d_1_06.tga</Dt_name>
            <Dt_flags type="int">0x40</Dt_flags>
         </L_D_1_06>
         <Prozr>
            <Type type="text">DcDtOcOtTwo</Type>
            <Dc type="RGB">0.54509807, 0.69411767, 0.74117649</Dc>
            <Oc type="float">0.05</Oc>
         </Prozr>
         <detailmap_L_D_1_17>
            <Type type="text">DcDtBt</Type>
            <Dt_name type="text">c_d_1_17.tga</Dt_name>
            <Dt_flags type="int">0x40</Dt_flags>
            <Bt_name type="text">dtl_tile09.tga</Bt_name>
            <Bt_flags type="int">0x50</Bt_flags>
         </detailmap_L_D_1_17>
         <ceiling_genDB>
            <Type type="text">DcDt</Type>
            <Dc type="RGB">0.24705884, 0.27843139, 0.3137255</Dc>
            <Dt_name type="text">ceiling_gen.tga</Dt_name>
            <Dt_flags type="int">0x40</Dt_flags>
         </ceiling_genDB>
      </Material_library>
      <Texture_library name="Texture library">
         <ceiling_gen.tga>
            <MIPS type="file" filename="li_colorado_station_deck_cmp\ceiling_gen.dds"/>
         </ceiling_gen.tga>
         <dtl_tile09.tga>
            <MIPS type="file" filename="li_colorado_station_deck_cmp\dtl_tile09.dds"/>
         </dtl_tile09.tga>
         <c_d_1_17.tga>
            <MIPS type="file" filename="li_colorado_station_deck_cmp\c_d_1_17.dds"/>
         </c_d_1_17.tga>
         <c_d_1_06.tga>
            <MIPS type="file" filename="li_colorado_station_deck_cmp\c_d_1_06.dds"/>
         </c_d_1_06.tga>
         <c_d_1_03.tga>
            <MIPS type="file" filename="li_colorado_station_deck_cmp\c_d_1_03.dds"/>
         </c_d_1_03.tga>
         <c_d_1_19.tga>
            <MIPS type="file" filename="li_colorado_station_deck_cmp\c_d_1_19.dds"/>
         </c_d_1_19.tga>
         <c_d_1_22.tga>
            <MIPS type="file" filename="li_colorado_station_deck_cmp\c_d_1_22.dds"/>
         </c_d_1_22.tga>
         <c_d_1_01.tga>
            <MIPS type="file" filename="li_colorado_station_deck_cmp\c_d_1_01.dds"/>
         </c_d_1_01.tga>
         <c_d_1_20.tga>
            <MIPS type="file" filename="li_colorado_station_deck_cmp\c_d_1_20.dds"/>
         </c_d_1_20.tga>
         <c_d_1_04.tga>
            <MIPS type="file" filename="li_colorado_station_deck_cmp\c_d_1_04.dds"/>
         </c_d_1_04.tga>
         <c_d_1_14.tga>
            <MIPS type="file" filename="li_colorado_station_deck_cmp\c_d_1_14.dds"/>
         </c_d_1_14.tga>
         <c_d_1_18.tga>
            <MIPS type="file" filename="li_colorado_station_deck_cmp\c_d_1_18.dds"/>
         </c_d_1_18.tga>
         <c_d_1_23.tga>
            <MIPS type="file" filename="li_colorado_station_deck_cmp\c_d_1_23.dds"/>
         </c_d_1_23.tga>
         <c_d_1_05.tga>
            <MIPS type="file" filename="li_colorado_station_deck_cmp\c_d_1_05.dds"/>
         </c_d_1_05.tga>
         <c_d_1_08.tga>
