<?xml version="1.0" encoding="ISO-8859-1"?>
<!-- XML generated by UTFXML Version 2.2 built 19-Aug-2010 -->
<UTFXML filename="li_columbia_bar.cmp" path="BASES\LIBERTY">
   <UTF_ROOT>
      <VMeshLibrary>
         <data.bases.liberty.li_columbia_bar.lod0-112.vms include="li_columbia_bar_cmp\lod0-112.vms.xml"/>
         <data.bases.liberty.li_columbia_bar.lod0-212.vms include="li_columbia_bar_cmp\lod0-212.vms.xml"/>
      </VMeshLibrary>
      <Exporter_Version name="Exporter Version" type="text">Nov  5 2002 11:41:55</Exporter_Version>
      <Cmpnd>
         <Root>
            <Object_name name="Object name" type="text">Root</Object_name>
            <File_name name="File name" type="text">Root_bar021204165939.3db</File_name>
            <Index type="int">0</Index>
         </Root>
         <Part_BAR>
            <Object_name name="Object name" type="text">BAR</Object_name>
            <File_name name="File name" type="text">BAR021204165939.3db</File_name>
            <Index type="int">1</Index>
         </Part_BAR>
         <Part_Bar_Shade name="Part_Bar Shade">
            <Object_name name="Object name" type="text">Bar Shade</Object_name>
            <File_name name="File name" type="text">Bar Shade021204165939.3db</File_name>
            <Index type="int">2</Index>
         </Part_Bar_Shade>
         <Part_BarStool_Top_Illum name="Part_BarStool Top Illum">
            <Object_name name="Object name" type="text">BarStool Top Illum</Object_name>
            <File_name name="File name" type="text">BarStool Top Illum021204165939.3db</File_name>
            <Index type="int">3</Index>
         </Part_BarStool_Top_Illum>
         <Part_LampShade_Illum name="Part_LampShade Illum">
            <Object_name name="Object name" type="text">LampShade Illum</Object_name>
            <File_name name="File name" type="text">LampShade Illum021204165939.3db</File_name>
            <Index type="int">4</Index>
         </Part_LampShade_Illum>
         <Part_StoolTop_Illum name="Part_StoolTop Illum">
            <Object_name name="Object name" type="text">StoolTop Illum</Object_name>
            <File_name name="File name" type="text">StoolTop Illum021204165939.3db</File_name>
            <Index type="int">5</Index>
         </Part_StoolTop_Illum>
         <Part_TableTop_Illum name="Part_TableTop Illum">
            <Object_name name="Object name" type="text">TableTop Illum</Object_name>
            <File_name name="File name" type="text">TableTop Illum021204165939.3db</File_name>
            <Index type="int">6</Index>
         </Part_TableTop_Illum>
         <Part_cap>
            <Object_name name="Object name" type="text">cap</Object_name>
            <File_name name="File name" type="text">cap021204165939.3db</File_name>
            <Index type="int">7</Index>
         </Part_cap>
         <Part_NewsVendor>
            <Object_name name="Object name" type="text">NewsVendor</Object_name>
            <File_name name="File name" type="text">NewsVendor021204165939.3db</File_name>
            <Index type="int">8</Index>
         </Part_NewsVendor>
         <Part_NewsVendor3>
            <Object_name name="Object name" type="text">NewsVendor3</Object_name>
            <File_name name="File name" type="text">NewsVendor3021204165939.3db</File_name>
            <Index type="int">9</Index>
         </Part_NewsVendor3>
         <Part_missionVendor1>
            <Object_name name="Object name" type="text">missionVendor1</Object_name>
            <File_name name="File name" type="text">missionVendor1021204165939.3db</File_name>
            <Index type="int">10</Index>
         </Part_missionVendor1>
         <Part_news_frame>
            <Object_name name="Object name" type="text">news_frame</Object_name>
            <File_name name="File name" type="text">news_frame021204165939.3db</File_name>
            <Index type="int">11</Index>
         </Part_news_frame>
         <Part_news_frame01>
            <Object_name name="Object name" type="text">news_frame01</Object_name>
            <File_name name="File name" type="text">news_frame01021204165939.3db</File_name>
            <Index type="int">12</Index>
         </Part_news_frame01>
         <Part_mission_frame02>
            <Object_name name="Object name" type="text">mission_frame02</Object_name>
            <File_name name="File name" type="text">mission_frame02021204165939.3db</File_name>
            <Index type="int">13</Index>
         </Part_mission_frame02>
         <Part_mission_frame01>
            <Object_name name="Object name" type="text">mission_frame01</Object_name>
            <File_name name="File name" type="text">mission_frame01021204165939.3db</File_name>
            <Index type="int">14</Index>
         </Part_mission_frame01>
         <Part_missionVendor2>
            <Object_name name="Object name" type="text">missionVendor2</Object_name>
            <File_name name="File name" type="text">missionVendor2021204165939.3db</File_name>
            <Index type="int">15</Index>
         </Part_missionVendor2>
         <Part_BenchSeat01>
            <Object_name name="Object name" type="text">BenchSeat01</Object_name>
            <File_name name="File name" type="text">BenchSeat01021204165939.3db</File_name>
            <Index type="int">16</Index>
         </Part_BenchSeat01>
         <Part_BenchSeatIllum01>
            <Object_name name="Object name" type="text">BenchSeatIllum01</Object_name>
            <File_name name="File name" type="text">BenchSeatIllum01021204165939.3db</File_name>
            <Index type="int">17</Index>
         </Part_BenchSeatIllum01>
         <Part_BenchSeat02>
            <Object_name name="Object name" type="text">BenchSeat02</Object_name>
            <File_name name="File name" type="text">BenchSeat02021204165939.3db</File_name>
            <Index type="int">18</Index>
         </Part_BenchSeat02>
         <Part_BenchSeatIllum02>
            <Object_name name="Object name" type="text">BenchSeatIllum02</Object_name>
            <File_name name="File name" type="text">BenchSeatIllum02021204165939.3db</File_name>
            <Index type="int">19</Index>
         </Part_BenchSeatIllum02>
         <Part_BenchSeat03>
            <Object_name name="Object name" type="text">BenchSeat03</Object_name>
            <File_name name="File name" type="text">BenchSeat03021204165939.3db</File_name>
            <Index type="int">20</Index>
         </Part_BenchSeat03>
         <Part_BenchSeatIllum03>
            <Object_name name="Object name" type="text">BenchSeatIllum03</Object_name>
            <File_name name="File name" type="text">BenchSeatIllum03021204165939.3db</File_name>
            <Index type="int">21</Index>
         </Part_BenchSeatIllum03>
         <Part_BenchSeat04>
            <Object_name name="Object name" type="text">BenchSeat04</Object_name>
            <File_name name="File name" type="text">BenchSeat04021204165939.3db</File_name>
            <Index type="int">22</Index>
         </Part_BenchSeat04>
         <Part_BenchSeatIllum04>
            <Object_name name="Object name" type="text">BenchSeatIllum04</Object_name>
            <File_name name="File name" type="text">BenchSeatIllum04021204165939.3db</File_name>
            <Index type="int">23</Index>
         </Part_BenchSeatIllum04>
         <Part_BenchSeat05>
            <Object_name name="Object name" type="text">BenchSeat05</Object_name>
            <File_name name="File name" type="text">BenchSeat05021204165939.3db</File_name>
            <Index type="int">24</Index>
         </Part_BenchSeat05>
         <Part_BenchSeatIllum05>
            <Object_name name="Object name" type="text">BenchSeatIllum05</Object_name>
            <File_name name="File name" type="text">BenchSeatIllum05021204165939.3db</File_name>
            <Index type="int">25</Index>
         </Part_BenchSeatIllum05>
         <Part_BenchSeat06>
            <Object_name name="Object name" type="text">BenchSeat06</Object_name>
            <File_name name="File name" type="text">BenchSeat06021204165939.3db</File_name>
            <Index type="int">26</Index>
         </Part_BenchSeat06>
         <Part_BenchSeatIllum06>
            <Object_name name="Object name" type="text">BenchSeatIllum06</Object_name>
            <File_name name="File name" type="text">BenchSeatIllum06021204165939.3db</File_name>
            <Index type="int">27</Index>
         </Part_BenchSeatIllum06>
         <Part_Back_Bar_Illum name="Part_Back Bar Illum">
            <Object_name name="Object name" type="text">Back Bar Illum</Object_name>
            <File_name name="File name" type="text">Back Bar Illum021204165939.3db</File_name>
            <Index type="int">28</Index>
         </Part_Back_Bar_Illum>
         <Cons>
            <Fix type="Fix" count="28">
               <part>
                  <!-- parent      --> "Root",
                  <!-- child       --> "BAR",
                  <!-- position    --> 5.8700066e-6, 3.7574387, 0.54731262,
                  <!-- orientation -->   1.0000000000, -7.3585987e-21,  847.03295e-24,
                                        7.3585987e-21,   1.0000000000, -2.1440521e-21,
                                       -847.03295e-24,  2.1440521e-21,   1.0000000000
               </part>
               <part>
                  <!-- parent      --> "Root",
                  <!-- child       --> "Bar Shade",
                  <!-- position    --> 5.8700066e-6, 3.7574387, 0.54731262,
                  <!-- orientation -->   1.0000000000, -7.3585987e-21,  847.03295e-24,
                                        7.3585987e-21,   1.0000000000, -2.1440521e-21,
                                       -847.03295e-24,  2.1440521e-21,   1.0000000000
               </part>
               <part>
                  <!-- parent      --> "Root",
                  <!-- child       --> "BarStool Top Illum",
                  <!-- position    --> 5.8700066e-6, 3.7574387, 0.54731262,
                  <!-- orientation -->   1.0000000000, -7.3585987e-21,  847.03295e-24,
                                        7.3585987e-21,   1.0000000000, -2.1440521e-21,
                                       -847.03295e-24,  2.1440521e-21,   1.0000000000
               </part>
               <part>
                  <!-- parent      --> "Root",
                  <!-- child       --> "LampShade Illum",
                  <!-- position    --> 5.8860996e-6, 3.6508613, 0.54731262,
                  <!-- orientation -->   1.0000000000, -7.3585987e-21,  847.03295e-24,
                                        7.3585987e-21,   1.0000000000, -2.1440521e-21,
                                       -847.03295e-24,  2.1440521e-21,   1.0000000000
               </part>
               <part>
                  <!-- parent      --> "Root",
                  <!-- child       --> "StoolTop Illum",
                  <!-- position    --> 5.8700066e-6, 3.7574387, 0.54731262,
                  <!-- orientation -->   1.0000000000, -7.3585987e-21,  847.03295e-24,
                                        7.3585987e-21,   1.0000000000, -2.1440521e-21,
                                       -847.03295e-24,  2.1440521e-21,   1.0000000000
               </part>
               <part>
                  <!-- parent      --> "Root",
                  <!-- child       --> "TableTop Illum",
                  <!-- position    --> 5.8700066e-6, 3.7574387, 0.54731262,
                  <!-- orientation -->   1.0000000000, -7.3585987e-21,  847.03295e-24,
                                        7.3585987e-21,   1.0000000000, -2.1440521e-21,
                                       -847.03295e-24,  2.1440521e-21,   1.0000000000
               </part>
               <part>
                  <!-- parent      --> "Root",
                  <!-- child       --> "cap",
                  <!-- position    --> 0.42299777, 7.5073638, 0.39312586,
                  <!-- orientation -->   1.0000000000, -7.3585987e-21,  847.03295e-24,
                                        7.3585987e-21,   1.0000000000, -2.1440521e-21,
                                       -847.03295e-24,  2.1440521e-21,   1.0000000000
               </part>
               <part>
                  <!-- parent      --> "Root",
                  <!-- child       --> "NewsVendor",
                  <!-- position    --> 5.9064387e-6, 3.5161619, 0.77248681,
                  <!-- orientation -->   1.0000000000, -7.3585987e-21,  847.03295e-24,
                                        7.3585987e-21,   1.0000000000, -2.1440521e-21,
                                       -847.03295e-24,  2.1440521e-21,   1.0000000000
               </part>
               <part>
                  <!-- parent      --> "Root",
                  <!-- child       --> "NewsVendor3",
                  <!-- position    --> 5.010078, 3.5161631, -1.0724539,
                  <!-- orientation -->   0.7660444400, -148.72779e-09,   0.6427876400,
                                        79.613066e-09,   1.0000000000,  136.50020e-09,
                                        -0.6427876400, -53.390927e-09,   0.7660444400
               </part>
               <part>
                  <!-- parent      --> "Root",
                  <!-- child       --> "missionVendor1",
                  <!-- position    --> 2.6622615, 3.5161626, 0.33211234,
                  <!-- orientation -->   0.9396926200, -70.053197e-09,   0.3420201800,
                                        52.051806e-09,   1.0000000000,  61.810674e-09,
                                        -0.3420201800, -40.280266e-09,   0.9396926200
               </part>
               <part>
                  <!-- parent      --> "Root",
                  <!-- child       --> "news_frame",
                  <!-- position    --> 5.9064387e-6, 3.5161619, 0.77248681,
                  <!-- orientation -->   1.0000000000, -7.3585987e-21,  1.2987465e-21,
                                        7.3585987e-21,   1.0000000000, -14.210856e-15,
                                       -1.2987465e-21,  14.210856e-15,   1.0000000000
               </part>
               <part>
                  <!-- parent      --> "Root",
                  <!-- child       --> "news_frame01",
                  <!-- position    --> 5.0100775, 3.5161631, -1.0724537,
                  <!-- orientation -->   0.7660443800, -202.41139e-09,   0.6427876400,
                                        99.248062e-09,   1.0000000000,  196.61695e-09,
                                        -0.6427876400, -86.821892e-09,   0.7660443800
               </part>
               <part>
                  <!-- parent      --> "Root",
                  <!-- child       --> "mission_frame02",
                  <!-- position    --> 2.6622615, 3.5161624, 0.3321124,
                  <!-- orientation -->   0.9396926200, -69.149245e-09,   0.3420202100,
                                        34.017443e-09,   1.0000000000,  108.71669e-09,
                                        -0.3420202100, -90.525617e-09,   0.9396926200
               </part>
               <part>
                  <!-- parent      --> "Root",
                  <!-- child       --> "mission_frame01",
                  <!-- position    --> -0.047107991, 3.5161619, -0.33852509,
                  <!-- orientation -->   0.9396926200, -69.149245e-09,   0.3420202100,
                                        34.017443e-09,   1.0000000000,  108.71669e-09,
                                        -0.3420202100, -90.525617e-09,   0.9396926200
               </part>
               <part>
                  <!-- parent      --> "Root",
                  <!-- child       --> "missionVendor2",
                  <!-- position    --> -0.047107991, 3.5161622, -0.33852515,
                  <!-- orientation -->   0.9396926200, -70.053204e-09,   0.3420202100,
                                        52.051814e-09,   1.0000000000,  61.810681e-09,
                                        -0.3420202100, -40.280270e-09,   0.9396926200
               </part>
               <part>
                  <!-- parent      --> "Root",
                  <!-- child       --> "BenchSeat01",
                  <!-- position    --> 5.8700066e-6, 3.7574384, 0.54731262,
                  <!-- orientation -->   1.0000000000, -7.3585987e-21, -847.03295e-24,
                                        7.3585987e-21,   1.0000000000, -2.1440521e-21,
                                        847.03295e-24,  2.1440521e-21,   1.0000000000
               </part>
               <part>
                  <!-- parent      --> "Root",
                  <!-- child       --> "BenchSeatIllum01",
                  <!-- position    --> 5.8700066e-6, 3.7574384, 0.54731262,
                  <!-- orientation -->   1.0000000000, -7.3585987e-21, -395.31943e-24,
                                        7.3585987e-21,   1.0000000000, -14.210856e-15,
                                        395.31943e-24,  14.210856e-15,   1.0000000000
               </part>
               <part>
                  <!-- parent      --> "Root",
                  <!-- child       --> "BenchSeat02",
                  <!-- position    --> -3.4702325, 3.7574379, 2.2025256,
                  <!-- orientation -->   0.6293202000, -147.31515e-09,   0.7771461000,
                                        118.25834e-09,   1.0000000000,  93.795471e-09,
                                        -0.7771461000,  32.876624e-09,   0.6293202000
               </part>
               <part>
                  <!-- parent      --> "Root",
                  <!-- child       --> "BenchSeatIllum02",
                  <!-- position    --> -3.4702325, 3.7574379, 2.2025256,
                  <!-- orientation -->   0.6293202000, -122.48209e-09,   0.7771461000,
                                        85.545658e-09,   1.0000000000,  88.331504e-09,
                                        -0.7771461000,  10.892674e-09,   0.6293202000
               </part>
               <part>
                  <!-- parent      --> "Root",
                  <!-- child       --> "BenchSeat03",
                  <!-- position    --> -3.388608, 3.7574193, 3.780874,
                  <!-- orientation -->   0.1305262100, -266.65566e-09,   0.9914448900,
                                        105.30169e-09,   1.0000000000,  255.09340e-09,
                                        -0.9914448900,  71.104445e-09,   0.1305262100
               </part>
               <part>
                  <!-- parent      --> "Root",
                  <!-- child       --> "BenchSeatIllum03",
                  <!-- position    --> -3.388608, 3.7574193, 3.780874,
                  <!-- orientation -->   0.1305262300, -272.46290e-09,   0.9914448300,
                                        111.26691e-09,   1.0000000000,  260.16539e-09,
                                        -0.9914448300,  76.356599e-09,   0.1305262300
               </part>
               <part>
                  <!-- parent      --> "Root",
                  <!-- child       --> "BenchSeat04",
                  <!-- position    --> -2.6846619, 3.7574191, 4.4406986,
                  <!-- orientation -->  -0.3338066600, -317.62673e-09,   0.9426415600,
                                       -59.638026e-09,   1.0000000000,  315.83497e-09,
                                        -0.9426415600,  49.210534e-09,  -0.3338066600
               </part>
               <part>
                  <!-- parent      --> "Root",
                  <!-- child       --> "BenchSeatIllum04",
                  <!-- position    --> -2.6846619, 3.7574191, 4.4406986,
                  <!-- orientation -->  -0.3338066900, -300.95191e-09,   0.9426415600,
                                       -78.031398e-09,   1.0000000000,  291.63206e-09,
                                        -0.9426415600,  23.793095e-09,  -0.3338066900
               </part>
               <part>
                  <!-- parent      --> "Root",
                  <!-- child       --> "BenchSeat05",
                  <!-- position    --> 1.3548695, 3.7574253, 0.60073042,
                  <!-- orientation -->   0.8480480300,  9.9630588e-09,  -0.5299193300,
                                       -79.488032e-09,   1.0000000000, -108.40633e-09,
                                         0.5299193300,  134.05604e-09,   0.8480480300
               </part>
               <part>
                  <!-- parent      --> "Root",
                  <!-- child       --> "BenchSeatIllum05",
                  <!-- position    --> 1.3548695, 3.7574253, 0.60073042,
                  <!-- orientation -->   0.8480480300, -33.419237e-09,  -0.5299193300,
                                       -51.374911e-09,   1.0000000000, -145.28179e-09,
                                         0.5299193300,  150.43051e-09,   0.8480480300
               </part>
               <part>
                  <!-- parent      --> "Root",
                  <!-- child       --> "BenchSeat06",
                  <!-- position    --> 2.3116264, 3.7574208, 0.68145275,
                  <!-- orientation -->   0.5150380700,  30.482454e-09,  -0.8571673000,
                                       -227.95219e-09,   1.0000000000, -101.40564e-09,
                                         0.8571673000,  247.62093e-09,   0.5150380700
               </part>
               <part>
                  <!-- parent      --> "Root",
                  <!-- child       --> "BenchSeatIllum06",
                  <!-- position    --> 2.3116264, 3.7574208, 0.68145275,
                  <!-- orientation -->   0.5150380100,  53.455516e-09,  -0.8571673600,
                                       -225.19423e-09,   1.0000000000, -72.947330e-09,
                                         0.8571673600,  230.59980e-09,   0.5150380100
               </part>
               <part>
                  <!-- parent      --> "Root",
                  <!-- child       --> "Back Bar Illum",
                  <!-- position    --> 5.8700066e-6, 3.7574382, 0.54731262,
                  <!-- orientation -->   1.0000000000, -7.3585987e-21, -847.03295e-24,
                                        7.3585987e-21,   1.0000000000, -2.1440521e-21,
                                        847.03295e-24,  2.1440521e-21,   1.0000000000
               </part>
            </Fix>
         </Cons>
      </Cmpnd>
      <Material_library name="Material library">
         <Material_count name="Material count" type="int">31</Material_count>
         <detailmap_l_bar_2_12.tga021204165939 name="detailmap_l_bar#2_12.tga021204165939">
            <Type type="text">DcDtBtEc</Type>
            <Dt_name type="text">l_bar#2_12.tga021204165939</Dt_name>
            <Dt_flags type="int">0x40</Dt_flags>
            <Bt_name type="text">detailmap_ground01.tga021204165939</Bt_name>
            <Bt_flags type="int">0x50</Bt_flags>
            <Ec type="RGB">0.3, 0.3, 0.3</Ec>
         </detailmap_l_bar_2_12.tga021204165939>
         <detailmap_l_bar_2_13.tga021204165939 name="detailmap_l_bar#2_13.tga021204165939">
            <Type type="text">DcDtBtEc</Type>
            <Dt_name type="text">l_bar#2_13.tga021204165939</Dt_name>
            <Dt_flags type="int">0x40</Dt_flags>
            <Bt_name type="text">detailmap_ground01.tga021204165939</Bt_name>
            <Bt_flags type="int">0x50</Bt_flags>
            <Ec type="RGB">0.3, 0.3, 0.3</Ec>
         </detailmap_l_bar_2_13.tga021204165939>
         <detailmap_l_bar_2_14.tga021204165939 name="detailmap_l_bar#2_14.tga021204165939">
            <Type type="text">DcDtBtEc</Type>
            <Dt_name type="text">l_bar#2_14.tga021204165939</Dt_name>
            <Dt_flags type="int">0x40</Dt_flags>
            <Bt_name type="text">detailmap_ground01.tga021204165939</Bt_name>
            <Bt_flags type="int">0x50</Bt_flags>
            <Ec type="RGB">0.3, 0.3, 0.3</Ec>
         </detailmap_l_bar_2_14.tga021204165939>
         <l_bar_2_16.tga021204165939 name="l_bar#2_16.tga021204165939">
            <Type type="text">DcDt</Type>
            <Dt_name type="text">l_bar#2_16.tga021204165939</Dt_name>
            <Dt_flags type="int">0x40</Dt_flags>
         </l_bar_2_16.tga021204165939>
         <detailmap_bar_2_19.tga021204165939 name="detailmap_bar#2_19.tga021204165939">
            <Type type="text">DcDtBtEc</Type>
            <Dt_name type="text">l_bar#2_19.tga021204165939</Dt_name>
            <Dt_flags type="int">0x40</Dt_flags>
            <Bt_name type="text">detailmap_ground01.tga021204165939</Bt_name>
            <Bt_flags type="int">0x50</Bt_flags>
            <Ec type="RGB">0.5, 0.5, 0.5</Ec>
         </detailmap_bar_2_19.tga021204165939>
         <detailmap_l_bar_2_20.tga021204165939 name="detailmap_l_bar#2_20.tga021204165939">
            <Type type="text">DcDtBt</Type>
            <Dt_name type="text">l_bar#2_20.tga021204165939</Dt_name>
            <Dt_flags type="int">0x40</Dt_flags>
            <Bt_name type="text">detailmap_ground01.tga021204165939</Bt_name>
            <Bt_flags type="int">0x50</Bt_flags>
         </detailmap_l_bar_2_20.tga021204165939>
         <l_bar_2_05.tga021204165939 name="l_bar#2_05.tga021204165939">
            <Type type="text">DcDtEc</Type>
            <Dt_name type="text">l_bar#2_05.tga021204165939</Dt_name>
            <Dt_flags type="int">0x40</Dt_flags>
            <Ec type="RGB">0.3, 0.3, 0.3</Ec>
         </l_bar_2_05.tga021204165939>
         <l_bar_2_09.tga021204165939 name="l_bar#2_09.tga021204165939">
            <Type type="text">DcDtEc</Type>
            <Dt_name type="text">l_bar#2_09.tga021204165939</Dt_name>
            <Dt_flags type="int">0x40</Dt_flags>
            <Ec type="RGB">0.4, 0.4, 0.4</Ec>
         </l_bar_2_09.tga021204165939>
         <l_bar_2_10.tga021204165939 name="l_bar#2_10.tga021204165939">
            <Type type="text">DcDtEc</Type>
            <Dc type="RGB">0.99215692, 0.99215692, 0.99215692</Dc>
            <Dt_name type="text">l_bar#2_10.tga021204165939</Dt_name>
            <Dt_flags type="int">0x40</Dt_flags>
            <Ec type="RGB">0.39686275, 0.39686275, 0.39686275</Ec>
         </l_bar_2_10.tga021204165939>
         <l_bar_2_18.tga021204165939 name="l_bar#2_18.tga021204165939">
            <Type type="text">DcDtEc</Type>
            <Dt_name type="text">l_bar#2_18.tga021204165939</Dt_name>
            <Dt_flags type="int">0x40</Dt_flags>
            <Ec type="RGB">0.35, 0.35, 0.35</Ec>
         </l_bar_2_18.tga021204165939>
         <l_bar_2_17.tga021204165939 name="l_bar#2_17.tga021204165939">
            <Type type="text">DcDt</Type>
            <Dt_name type="text">l_bar#2_17.tga021204165939</Dt_name>
            <Dt_flags type="int">0x40</Dt_flags>
         </l_bar_2_17.tga021204165939>
         <l_bar_2_06.tga021204165939 name="l_bar#2_06.tga021204165939">
            <Type type="text">DcDtEc</Type>
            <Dt_name type="text">l_bar#2_06.tga021204165939</Dt_name>
            <Dt_flags type="int">0x40</Dt_flags>
            <Ec type="RGB">0.35, 0.35, 0.35</Ec>
         </l_bar_2_06.tga021204165939>
         <l_bar_2_04.tga021204165939 name="l_bar#2_04.tga021204165939">
            <Type type="text">DcDtEc</Type>
            <Dt_name type="text">l_bar#2_04.tga021204165939</Dt_name>
            <Dt_flags type="int">0x40</Dt_flags>
            <Ec type="RGB">0.4, 0.4, 0.4</Ec>
         </l_bar_2_04.tga021204165939>
         <detailmap_l_bar_2_08.tga021204165939 name="detailmap_l_bar#2_08.tga021204165939">
            <Type type="text">DcDtBt</Type>
            <Dt_name type="text">l_bar#2_08.tga021204165939</Dt_name>
            <Dt_flags type="int">0x40</Dt_flags>
            <Bt_name type="text">detailmap_crater_mid.tga021204165939</Bt_name>
            <Bt_flags type="int">0x50</Bt_flags>
         </detailmap_l_bar_2_08.tga021204165939>
         <l_bar_2_15.tga021204165939 name="l_bar#2_15.tga021204165939">
            <Type type="text">DcDt</Type>
            <Dc type="RGB">0.99215692, 0.99215692, 0.99215692</Dc>
            <Dt_name type="text">l_bar#2_15.tga021204165939</Dt_name>
            <Dt_flags type="int">0x40</Dt_flags>
         </l_bar_2_15.tga021204165939>
         <l_bar_2_03.tga021204165939 name="l_bar#2_03.tga021204165939">
            <Type type="text">DcDtEc</Type>
            <Dt_name type="text">l_bar#2_03.tga021204165939</Dt_name>
            <Dt_flags type="int">0x40</Dt_flags>
            <Ec type="RGB">0.4, 0.4, 0.4</Ec>
         </l_bar_2_03.tga021204165939>
         <l_bar_2_07.tga021204165939 name="l_bar#2_07.tga021204165939">
            <Type type="text">DcDtEc</Type>
            <Dt_name type="text">l_bar#2_07.tga021204165939</Dt_name>
            <Dt_flags type="int">0x40</Dt_flags>
            <Ec type="RGB">0.4, 0.4, 0.4</Ec>
         </l_bar_2_07.tga021204165939>
         <l_bar_2_01.tga021204165939 name="l_bar#2_01.tga021204165939">
            <Type type="text">DcDt</Type>
            <Dt_name type="text">l_bar#2_01.tga021204165939</Dt_name>
            <Dt_flags type="int">0x40</Dt_flags>
         </l_bar_2_01.tga021204165939>
         <l_bar_2_11.tga021204165939 name="l_bar#2_11.tga021204165939">
            <Type type="text">DcDt</Type>
            <Dt_name type="text">l_bar#2_11.tga021204165939</Dt_name>
            <Dt_flags type="int">0x40</Dt_flags>
         </l_bar_2_11.tga021204165939>
         <exit021204165939>
            <Type type="text">DcDtEcOcOt</Type>
            <Dt_name type="text">exit.tga021204165939</Dt_name>
            <Dt_flags type="int">0x40</Dt_flags>
            <Ec type="RGB">0.85, 0.85, 0.85</Ec>
            <Oc type="float">0.75</Oc>
         </exit021204165939>
         <bartop021204165939>
            <Type type="text">DcDt</Type>
            <Dt_name type="text">BarTop_128.tga021204165939</Dt_name>
            <Dt_flags type="int">0x40</Dt_flags>
         </bartop021204165939>
         <Bar_Shade021204165939 name="Bar Shade021204165939">
            <Type type="text">DcDtEcOcOtTwo</Type>
            <Dt_name type="text">l_bar#2_07.tga021204165939</Dt_name>
            <Dt_flags type="int">0x40</Dt_flags>
            <Ec type="RGB">0.5, 0.5, 0.5</Ec>
            <Oc type="float">0.7</Oc>
         </Bar_Shade021204165939>
         <BarStool_Top_Illum021204165939 name="BarStool Top Illum021204165939">
            <Type type="text">DcDtEc</Type>
            <Dt_name type="text">l_bar#2_02 .tga021204165939</Dt_name>
            <Dt_flags type="int">0x40</Dt_flags>
            <Ec type="RGB">0.4, 0.4, 0.4</Ec>
         </BarStool_Top_Illum021204165939>
         <Lamp_Shade_Illum021204165939 name="Lamp Shade Illum021204165939">
            <Type type="text">DcDtEc</Type>
            <Dt_name type="text">l_bar#2_01.tga021204165939</Dt_name>
            <Dt_flags type="int">0x40</Dt_flags>
            <Ec type="RGB">0.8, 0.8, 0.8</Ec>
         </Lamp_Shade_Illum021204165939>
         <Stool_Top_Illum021204165939 name="Stool Top Illum021204165939">
            <Type type="text">DcDtEc</Type>
            <Dt_name type="text">l_bar#2_05.tga021204165939</Dt_name>
            <Dt_flags type="int">0x40</Dt_flags>
            <Ec type="RGB">0.4, 0.4, 0.4</Ec>
         </Stool_Top_Illum021204165939>
         <TableTop_Illum021204165939 name="TableTop Illum021204165939">
            <Type type="text">DcDtEc</Type>
            <Dt_name type="text">l_bar#2_01.tga021204165939</Dt_name>
            <Dt_flags type="int">0x40</Dt_flags>
            <Ec type="RGB">0.5, 0.5, 0.5</Ec>
         </TableTop_Illum021204165939>
         <Material__206021204165939 name="Material #206021204165939">
            <Type type="text">DcDt</Type>
            <Dt_name type="text">ceiling_cap.tga021204165939</Dt_name>
            <Dt_flags type="int">0x40</Dt_flags>
         </Material__206021204165939>
         <news_02_021204165939>
            <Type type="text">DcDtEcOcOt</Type>
            <Dt_name type="text">news.tga021204165939</Dt_name>
            <Dt_flags type="int">0x40</Dt_flags>
            <Ec type="RGB">0.85, 0.85, 0.85</Ec>
            <Oc type="float">0.75</Oc>
         </news_02_021204165939>
         <mission021204165939>
            <Type type="text">DcDt</Type>
            <Dt_name type="text">mission_vendor.tga021204165939</Dt_name>
            <Dt_flags type="int">0x40</Dt_flags>
         </mission021204165939>
         <l_bar_2_02_.tga021204165939 name="l_bar#2_02 .tga021204165939">
            <Type type="text">DcDt</Type>
            <Dt_name type="text">l_bar#2_02 .tga021204165939</Dt_name>
            <Dt_flags type="int">0x40</Dt_flags>
         </l_bar_2_02_.tga021204165939>
         <Bench_Seat_Illum021204165939 name="Bench Seat Illum021204165939">
            <Type type="text">DcDtEc</Type>
            <Dt_name type="text">l_bar#2_02 .tga021204165939</Dt_name>
            <Dt_flags type="int">0x40</Dt_flags>
            <Ec type="RGB">0.8, 0.8, 0.8</Ec>
         </Bench_Seat_Illum021204165939>
      </Material_library>
      <Texture_library name="Texture library">
         <mission_vendor.tga021204165939>
            <MIPS type="file" filename="li_columbia_bar_cmp\mission_vendor.dds"/>
         </mission_vendor.tga021204165939>
         <news.tga021204165939>
            <MIPS type="file" filename="li_columbia_bar_cmp\news.dds"/>
         </news.tga021204165939>
         <ceiling_cap.tga021204165939>
            <MIPS type="file" filename="li_columbia_bar_cmp\ceiling_cap.dds"/>
         </ceiling_cap.tga021204165939>
         <l_bar_2_02_.tga021204165939 name="l_bar#2_02 .tga021204165939">
            <MIPS type="file" filename="li_columbia_bar_cmp\l_bar#2_02 .dds"/>
         </l_bar_2_02_.tga021204165939>
         <BarTop_128.tga021204165939>
            <MIPS type="file" filename="li_columbia_bar_cmp\BarTop_128.dds"/>
         </BarTop_128.tga021204165939>
         <exit.tga021204165939>
            <MIPS type="file" filename="li_columbia_bar_cmp\exit.dds"/>
         </exit.tga021204165939>
         <l_bar_2_11.tga021204165939 name="l_bar#2_11.tga021204165939">
            <MIPS type="file" filename="li_columbia_bar_cmp\l_bar#2_11.dds"/>
         </l_bar_2_11.tga021204165939>
         <l_bar_2_01.tga021204165939 name="l_bar#2_01.tga021204165939">
            <MIPS type="file" filename="li_columbia_bar_cmp\l_bar#2_01.dds"/>
         </l_bar_2_01.tga021204165939>
         <l_bar_2_07.tga021204165939 name="l_bar#2_07.tga021204165939">
            <MIPS type="file" filename="li_columbia_bar_cmp\l_bar#2_07.dds"/>
         </l_bar_2_07.tga021204165939>
         <l_bar_2_03.tga021204165939 name="l_bar#2_03.tga021204165939">
            <MIPS type="file" filename="li_columbia_bar_cmp\l_bar#2_03.dds"/>
         </l_bar_2_03.tga021204165939>
         <l_bar_2_15.tga021204165939 name="l_bar#2_15.tga021204165939">
            <MIPS type="file" filename="li_columbia_bar_cmp\l_bar#2_15.dds"/>
         </l_bar_2_15.tga021204165939>
         <detailmap_crater_mid.tga021204165939>
            <MIPS type="file" filename="li_columbia_bar_cmp\detailmap_crater_mid.dds"/>
         </detailmap_crater_mid.tga021204165939>
         <l_bar_2_08.tga021204165939 name="l_bar#2_08.tga021204165939">
            <MIPS type="file" filename="li_columbia_bar_cmp\l_bar#2_08.dds"/>
         </l_bar_2_08.tga021204165939>
         <l_bar_2_04.tga021204165939 name="l_bar#2_04.tga021204165939">
            <MIPS type="file" filename="li_columbia_bar_cmp\l_bar#2_04.dds"/>
         </l_bar_2_04.tga021204165939>
         <l_bar_2_06.tga021204165939 name="l_bar#2_06.tga021204165939">
            <MIPS type="file" filename="li_columbia_bar_cmp\l_bar#2_06.dds"/>
         </l_bar_2_06.tga021204165939>
         <l_bar_2_17.tga021204165939 name="l_bar#2_17.tga021204165939">
            <MIPS type="file" filename="li_columbia_bar_cmp\l_bar#2_17.dds"/>
         </l_bar_2_17.tga021204165939>
         <l_bar_2_18.tga021204165939 name="l_bar#2_18.tga021204165939">
            <MIPS type="file" filename="li_columbia_bar_cmp\l_bar#2_18.dds"/>
         </l_bar_2_18.tga021204165939>
         <l_bar_2_10.tga021204165939 name="l_bar#2_10.tga021204165939">
            <MIPS type="file" filename="li_columbia_bar_cmp\l_bar#2_10.dds"/>
         </l_bar_2_10.tga021204165939>
         <l_bar_2_09.tga021204165939 name="l_bar#2_09.tga021204165939">
            <MIPS type="file" filename="li_columbia_bar_cmp\l_bar#2_09.dds"/>
         </l_bar_2_09.tga021204165939>
         <l_bar_2_05.tga021204165939 name="l_bar#2_05.tga021204165939">
            <MIPS type="file" filename="li_columbia_bar_cmp\l_bar#2_05.dds"/>
         </l_bar_2_05.tga021204165939>
         <l_bar_2_20.tga021204165939 name="l_bar#2_20.tga021204165939">
            <MIPS type="file" filename="li_columbia_bar_cmp\l_bar#2_20.dds"/>
         </l_bar_2_20.tga021204165939>
         <l_bar_2_19.tga021204165939 name="l_bar#2_19.tga021204165939">
            <MIPS type="file" filename="li_columbia_bar_cmp\l_bar#2_19.dds"/>
         </l_bar_2_19.tga021204165939>
         <l_bar_2_16.tga021204165939 name="l_bar#2_16.tga021204165939">
            <MIPS type="file" filename="li_columbia_bar_cmp\l_bar#2_16.dds"/>
         </l_bar_2_16.tga021204165939>
         <l_bar_2_14.tga021204165939 name="l_bar#2_14.tga021204165939">
            <MIPS type="file" filename="li_columbia_bar_cmp\l_bar#2_14.dds"/>
         </l_bar_2_14.tga021204165939>
         <l_bar_2_13.tga021204165939 name="l_bar#2_13.tga021204165939">
            <MIPS type="file" filename="li_columbia_bar_cmp\l_bar#2_13.dds"/>
         </l_bar_2_13.tga021204165939>
         <detailmap_ground01.tga021204165939>
            <MIPS type="file" filename="li_columbia_bar_cmp\detailmap_ground01.dds"/>
         </detailmap_ground01.tga021204165939>
         <l_bar_2_12.tga021204165939 name="l_bar#2_12.tga021204165939">
            <MIPS type="file" filename="li_columbia_bar_cmp\l_bar#2_12.dds"/>
         </l_bar_2_12.tga021204165939>
      </Texture_library>
      <Root_bar021204165939.3db>
         <VMeshPart>
            <VMeshRef type="VMeshRef">
               <!-- header size  --> 60,
               <!-- vmesh lib    --> data.bases.liberty.li_columbia_bar.lod0-212.vms,
               <!-- start vert   --> 27,
               <!-- num verts    --> 58,
               <!-- start index  --> 48,
               <!-- num indices  --> 153,
               <!-- start mesh   --> 1,
               <!-- num meshes   --> 3,
               <!-- bounding box -->   4.8880124,     52.065345e-6,  7.977273,
                                      -4.8880072,    -53.238437e-6, -7.977272,
               <!-- center       --> -55.078555e-6, -585.74318e-9,   0.0018799764,
               <!-- radius       --> 7.9791527
            </VMeshRef>
         </VMeshPart>
         <Hardpoints>
            <Fixed>
               <HpBarman>
                  <Position type="Vector">0.32035476, -0.0040545338, -0.36692488</Position>
                  <Orientation type="Matrix">
                      -0.9659258100, -188.92936e-09,  -0.2588190700,
                     -222.51179e-09,   1.0000000000,  100.45827e-09,
                       0.2588190700,  154.62552e-09,  -0.9659258100
                  </Orientation>
               </HpBarman>
               <HpBarProp01>
                  <Position type="Vector">-1.324858, 1.1866956, -0.26642057</Position>
                  <Orientation type="Matrix">
                      -0.9961947200, -192.11809e-09,  -0.0871555880,
                     -206.23385e-09,   1.0000000000,  152.95616e-09,
                       0.0871555880,  170.34856e-09,  -0.9961947200
                  </Orientation>
               </HpBarProp01>
               <HpBarProp02>
                  <Position type="Vector">1.1031878, 1.1866959, -0.13843621</Position>
                  <Orientation type="Matrix">
                      -0.9848077900, -190.19380e-09,  -0.1736478700,
                     -215.52560e-09,   1.0000000000,  127.02431e-09,
                       0.1736478700,  162.52011e-09,  -0.9848077900
