<?xml version="1.0" encoding="ISO-8859-1"?>
<!-- XML generated by UTFXML Version 2.2 built 19-Aug-2010 -->
<UTFXML filename="li_outpost_deck.cmp" path="BASES\LIBERTY">
   <UTF_ROOT>
      <VMeshLibrary>
         <data.bases.liberty.li_outpost_deck.lod0-112.vms include="li_outpost_deck_cmp\lod0-112.vms.xml"/>
         <data.bases.liberty.li_outpost_deck.lod0-212.vms include="li_outpost_deck_cmp\lod0-212.vms.xml"/>
      </VMeshLibrary>
      <Exporter_Version name="Exporter Version" type="text">Nov  5 2002 11:41:55</Exporter_Version>
      <Cmpnd>
         <Root>
            <Object_name name="Object name" type="text">Root</Object_name>
            <File_name name="File name" type="text">Root_deck021206195405.3db</File_name>
            <Index type="int">0</Index>
         </Root>
         <Part_ceiling>
            <Object_name name="Object name" type="text">ceiling</Object_name>
            <File_name name="File name" type="text">ceiling021206195405.3db</File_name>
            <Index type="int">1</Index>
         </Part_ceiling>
         <Part_door01>
            <Object_name name="Object name" type="text">door01</Object_name>
            <File_name name="File name" type="text">door01021206195405.3db</File_name>
            <Index type="int">2</Index>
         </Part_door01>
         <Part_door02>
            <Object_name name="Object name" type="text">door02</Object_name>
            <File_name name="File name" type="text">door02021206195405.3db</File_name>
            <Index type="int">3</Index>
         </Part_door02>
         <Part_Fan01>
            <Object_name name="Object name" type="text">Fan01</Object_name>
            <File_name name="File name" type="text">Fan01021206195405.3db</File_name>
            <Index type="int">4</Index>
         </Part_Fan01>
         <Part_Fan02>
            <Object_name name="Object name" type="text">Fan02</Object_name>
            <File_name name="File name" type="text">Fan02021206195405.3db</File_name>
            <Index type="int">5</Index>
         </Part_Fan02>
         <Part_FLOOR>
            <Object_name name="Object name" type="text">FLOOR</Object_name>
            <File_name name="File name" type="text">FLOOR021206195405.3db</File_name>
            <Index type="int">6</Index>
         </Part_FLOOR>
         <Part_GATE03>
            <Object_name name="Object name" type="text">GATE03</Object_name>
            <File_name name="File name" type="text">GATE03021206195405.3db</File_name>
            <Index type="int">7</Index>
         </Part_GATE03>
         <Part_GATE04>
            <Object_name name="Object name" type="text">GATE04</Object_name>
            <File_name name="File name" type="text">GATE04021206195405.3db</File_name>
            <Index type="int">8</Index>
         </Part_GATE04>
         <Part_GLASS01>
            <Object_name name="Object name" type="text">GLASS01</Object_name>
            <File_name name="File name" type="text">GLASS01021206195405.3db</File_name>
            <Index type="int">9</Index>
         </Part_GLASS01>
         <Part_GLASS02>
            <Object_name name="Object name" type="text">GLASS02</Object_name>
            <File_name name="File name" type="text">GLASS02021206195405.3db</File_name>
            <Index type="int">10</Index>
         </Part_GLASS02>
         <Part_Hallway_Door_Left name="Part_Hallway Door Left">
            <Object_name name="Object name" type="text">Hallway Door Left</Object_name>
            <File_name name="File name" type="text">Hallway Door Left021206195405.3db</File_name>
            <Index type="int">11</Index>
         </Part_Hallway_Door_Left>
         <Part_Hallway_Door_Right name="Part_Hallway Door Right">
            <Object_name name="Object name" type="text">Hallway Door Right</Object_name>
            <File_name name="File name" type="text">Hallway Door Right021206195405.3db</File_name>
            <Index type="int">12</Index>
         </Part_Hallway_Door_Right>
         <Part_ROBOT01>
            <Object_name name="Object name" type="text">ROBOT01</Object_name>
            <File_name name="File name" type="text">ROBOT01021206195405.3db</File_name>
            <Index type="int">13</Index>
         </Part_ROBOT01>
         <Part_door_LEFT name="Part_door LEFT">
            <Object_name name="Object name" type="text">door LEFT</Object_name>
            <File_name name="File name" type="text">door LEFT021206195405.3db</File_name>
            <Index type="int">14</Index>
         </Part_door_LEFT>
         <Part_door_RIGHT name="Part_door RIGHT">
            <Object_name name="Object name" type="text">door RIGHT</Object_name>
            <File_name name="File name" type="text">door RIGHT021206195405.3db</File_name>
            <Index type="int">15</Index>
         </Part_door_RIGHT>
         <Part_ROBOT02>
            <Object_name name="Object name" type="text">ROBOT02</Object_name>
            <File_name name="File name" type="text">ROBOT02021206195405.3db</File_name>
            <Index type="int">16</Index>
         </Part_ROBOT02>
         <Cons>
            <Fix type="Fix" count="8">
               <part>
                  <!-- parent      --> "Root",
                  <!-- child       --> "ceiling",
                  <!-- position    --> 35.22678, 13.136456, 7.6993974e-6,
                  <!-- orientation -->   1.0000000000, -6.1581188e-15, -25.816307e-15,
                                        6.1581188e-15,   1.0000000000, -1.4054948e-15,
                                        25.816307e-15,  1.4054948e-15,   1.0000000000
               </part>
               <part>
                  <!-- parent      --> "Root",
                  <!-- child       --> "FLOOR",
                  <!-- position    --> 274.93377e-9, 6.2897353, -3.3823053e-6,
                  <!-- orientation -->   1.0000000000,  947.30873e-18, -11.605453e-15,
                                       -947.30873e-18,   1.0000000000, -1.4054954e-15,
                                        11.605453e-15,  1.4054954e-15,   1.0000000000
               </part>
               <part>
                  <!-- parent      --> "Root",
                  <!-- child       --> "GATE03",
                  <!-- position    --> -35.226788, 13.13646, -6.0184229e-6,
                  <!-- orientation -->   1.0000000000,  947.30873e-18,  2.6054013e-15,
                                       -947.30873e-18,   1.0000000000, -1.4054961e-15,
                                       -2.6054013e-15,  1.4054961e-15,   1.0000000000
               </part>
               <part>
                  <!-- parent      --> "Root",
                  <!-- child       --> "GATE04",
                  <!-- position    --> 35.22678, 13.136456, 7.6993974e-6,
                  <!-- orientation -->  -1.0000000000, -194.70720e-09,  43.711378e-09,
                                        43.711413e-09, -178.81391e-09,   1.0000000000,
                                       -194.70718e-09,   1.0000000000,  178.81392e-09
               </part>
               <part>
                  <!-- parent      --> "Root",
                  <!-- child       --> "GLASS01",
                  <!-- position    --> 51.879895e-6, 11.695584, 26.246355,
                  <!-- orientation -->  -1.0000000000,  87.422777e-09,  87.422784e-09,
                                        87.422791e-09,   1.0000000000,  143.89833e-09,
                                       -87.422769e-09,  143.89835e-09,  -1.0000000000
               </part>
               <part>
                  <!-- parent      --> "Root",
                  <!-- child       --> "GLASS02",
                  <!-- position    --> 1.6389501, 12.302305, -26.246346,
                  <!-- orientation -->   1.0000000000, -9.7108321e-15,  2.6054013e-15,
                                        9.7108321e-15,   1.0000000000, -1.4054961e-15,
                                       -2.6054013e-15,  1.4054961e-15,   1.0000000000
               </part>
               <part>
                  <!-- parent      --> "Root",
                  <!-- child       --> "ROBOT01",
                  <!-- position    --> -1.5501924, 1.6090125, 42.22826,
                  <!-- orientation -->   1.0000000000,  947.30873e-18, -11.605453e-15,
                                       -947.30873e-18,   1.0000000000, -1.4054954e-15,
                                        11.605453e-15,  1.4054954e-15,   1.0000000000
               </part>
               <part>
                  <!-- parent      --> "Root",
                  <!-- child       --> "ROBOT02",
                  <!-- position    --> -9.9673758, 9.8363094, -30.877998,
                  <!-- orientation -->   1.0000000000,  947.30873e-18, -11.605453e-15,
                                       -947.30873e-18,   1.0000000000, -1.4054954e-15,
                                        11.605453e-15,  1.4054954e-15,   1.0000000000
               </part>
            </Fix>
            <Pris type="Rev" count="4">
               <part>
                  <!-- parent      --> "Root",
                  <!-- child       --> "Hallway Door Left",
                  <!-- position    --> 0.80968177, 1.0965153, 42.935234,
                  <!-- offset      --> 0, 0, 0,
                  <!-- orientation -->  -1.0000000000, -194.70720e-09,  43.711385e-09,
                                        43.711410e-09, -119.20927e-09,   1.0000000000,
                                       -194.70720e-09,   1.0000000000,  119.20928e-09,
                  <!-- axis        -->   1.0000000000, -43.518028e-09, -89.860983e-09,
                  <!-- min, max    --> 0, 1.0607756
               </part>
               <part>
                  <!-- parent      --> "Root",
                  <!-- child       --> "Hallway Door Right",
                  <!-- position    --> -0.84686381, 1.0965146, 42.935238,
                  <!-- offset      --> 0, 0, 0,
                  <!-- orientation -->  -1.0000000000, -194.70720e-09,  43.711385e-09,
                                        43.711410e-09, -119.20927e-09,   1.0000000000,
                                       -194.70720e-09,   1.0000000000,  119.20928e-09,
                  <!-- axis        -->  -1.0000000000,  34.906538e-09, -154.23794e-09,
                  <!-- min, max    --> 0, 1.0874864
               </part>
               <part>
                  <!-- parent      --> "ROBOT01",
                  <!-- child       --> "door LEFT",
                  <!-- position    --> 2.3736479, -0.52802426, 24.535412,
                  <!-- offset      --> 0, 0, 0,
                  <!-- orientation -->  -1.0000000000, -194.70718e-09,  43.711360e-09,
                                        43.711410e-09, -255.25276e-09,   1.0000000000,
                                       -194.70717e-09,   1.0000000000,  255.25276e-09,
                  <!-- axis        -->   1.0000000000, -117.15231e-09,  174.76590e-09,
                  <!-- min, max    --> 0, 1.3648839
               </part>
               <part>
                  <!-- parent      --> "ROBOT01",
                  <!-- child       --> "door RIGHT",
                  <!-- position    --> 0.68483669, -0.54052103, 24.535412,
                  <!-- offset      --> 0, 0, 0,
                  <!-- orientation -->  -1.0000000000, -194.70718e-09,  43.711360e-09,
                                        43.711410e-09, -255.25276e-09,   1.0000000000,
                                       -194.70717e-09,   1.0000000000,  255.25276e-09,
                  <!-- axis        -->  -1.0000000000, -53.823687e-09,  130.04323e-09,
                  <!-- min, max    --> 0, 1.2911447
               </part>
            </Pris>
            <Rev type="Rev" count="4">
               <part>
                  <!-- parent      --> "Root",
                  <!-- child       --> "door01",
                  <!-- position    --> 26.028311, 20.643709, -5.5773354,
                  <!-- offset      --> 0, 0, 0,
                  <!-- orientation -->   1.0000000000,  107.28442e-09,  61.817254e-09,
                                       -61.817275e-09,  178.81393e-09,   1.0000000000,
                                        107.28441e-09,  -1.0000000000,  178.81393e-09,
                  <!-- axis        --> -58.443867e-09, -113.33875e-09,  -1.0000000000,
                  <!-- min, max    --> 0, 1.57243
               </part>
               <part>
                  <!-- parent      --> "Root",
                  <!-- child       --> "door02",
                  <!-- position    --> -26.028311, 20.643713, 5.5773339,
                  <!-- offset      --> 0, 0, 0,
                  <!-- orientation -->  -1.0000000000, -182.26805e-09,  31.272251e-09,
                                        31.272265e-09, -82.414338e-09,   1.0000000000,
                                       -182.26805e-09,   1.0000000000,  82.414346e-09,
                  <!-- axis        --> -421.63174e-09,  107.72933e-09,   1.0000000000,
                  <!-- min, max    --> 0, 1.57243
               </part>
               <part>
                  <!-- parent      --> "Root",
                  <!-- child       --> "Fan01",
                  <!-- position    --> 6.3981743e-6, 18.61944, -35.045311,
                  <!-- offset      --> 0, 0, 0,
                  <!-- orientation -->   0.9998477100,   0.0174520390, -143.19529e-09,
                                        -0.0174520390,   0.9998477100, -104.54537e-09,
                                        141.34896e-09,  107.02850e-09,   1.0000000000,
                  <!-- axis        -->  109.22160e-09, -34.187156e-09,  -1.0000000000,
                  <!-- min, max    --> -6.2831855, 6.2831855
               </part>
               <part>
                  <!-- parent      --> "Root",
                  <!-- child       --> "Fan02",
                  <!-- position    --> -16.856302e-6, 18.61944, 35.146416,
                  <!-- offset      --> 0, 0, 0,
                  <!-- orientation -->  -0.9318639600,  -0.3628079000,  151.41097e-09,
                                        -0.3628079000,   0.9318639600, -7.5553199e-09,
                                       -138.35330e-09, -61.973630e-09,  -1.0000000000,
                  <!-- axis        --> -181.38147e-09,  69.772710e-09,   1.0000000000,
                  <!-- min, max    --> -6.2831855, 6.2831855
               </part>
            </Rev>
         </Cons>
      </Cmpnd>
      <Animation include="li_outpost_deck_cmp\Animation.xml"/>
      <Material_library name="Material library">
         <Material_count name="Material count" type="int">30</Material_count>
         <LB_map_01.tga>
            <Type type="text">DcDt</Type>
            <Dt_name type="text">LB_map_01.tga</Dt_name>
            <Dt_flags type="int">0x40</Dt_flags>
         </LB_map_01.tga>
         <LB_map_02.tga>
            <Type type="text">DcDt</Type>
            <Dt_name type="text">LB_map_02.tga</Dt_name>
            <Dt_flags type="int">0x40</Dt_flags>
         </LB_map_02.tga>
         <LB_map_03.tga>
            <Type type="text">DcDt</Type>
            <Dt_name type="text">LB_map_03.tga</Dt_name>
            <Dt_flags type="int">0x40</Dt_flags>
         </LB_map_03.tga>
         <LB_map_04.tga>
            <Type type="text">DcDt</Type>
            <Dt_name type="text">LB_map_04.tga</Dt_name>
            <Dt_flags type="int">0x40</Dt_flags>
         </LB_map_04.tga>
         <LB_map_05.tga>
            <Type type="text">DcDt</Type>
            <Dt_name type="text">LB_map_05.tga</Dt_name>
            <Dt_flags type="int">0x40</Dt_flags>
         </LB_map_05.tga>
         <LB_map_07.tga>
            <Type type="text">DcDt</Type>
            <Dt_name type="text">LB_map_07.tga</Dt_name>
            <Dt_flags type="int">0x40</Dt_flags>
         </LB_map_07.tga>
         <LB_map_08.tga>
            <Type type="text">DcDt</Type>
            <Dt_name type="text">LB_map_08.tga</Dt_name>
            <Dt_flags type="int">0x40</Dt_flags>
         </LB_map_08.tga>
         <LB_MAP_22.tga>
            <Type type="text">DcDt</Type>
            <Dt_name type="text">LB_MAP_22.tga</Dt_name>
            <Dt_flags type="int">0x40</Dt_flags>
         </LB_MAP_22.tga>
         <LB_map_23.tga>
            <Type type="text">DcDt</Type>
            <Dt_name type="text">LB_map_23.tga</Dt_name>
            <Dt_flags type="int">0x40</Dt_flags>
         </LB_map_23.tga>
         <LB_map_11.tga>
            <Type type="text">DcDt</Type>
            <Dt_name type="text">LB_map_11.tga</Dt_name>
            <Dt_flags type="int">0x40</Dt_flags>
         </LB_map_11.tga>
         <LB_map_18.tga>
            <Type type="text">DcDt</Type>
            <Dt_name type="text">LB_map_18.tga</Dt_name>
            <Dt_flags type="int">0x40</Dt_flags>
         </LB_map_18.tga>
         <LB_map_13.tga>
            <Type type="text">DcDt</Type>
            <Dt_name type="text">LB_map_13.tga</Dt_name>
            <Dt_flags type="int">0x40</Dt_flags>
         </LB_map_13.tga>
         <LB_map_10.tga>
            <Type type="text">DcDt</Type>
            <Dt_name type="text">LB_map_10.tga</Dt_name>
            <Dt_flags type="int">0x40</Dt_flags>
         </LB_map_10.tga>
         <LB_map_09.tga>
            <Type type="text">DcDt</Type>
            <Dt_name type="text">LB_map_09.tga</Dt_name>
            <Dt_flags type="int">0x40</Dt_flags>
         </LB_map_09.tga>
         <LB_map_12.tga>
            <Type type="text">DcDt</Type>
            <Dt_name type="text">LB_map_12.tga</Dt_name>
            <Dt_flags type="int">0x40</Dt_flags>
         </LB_map_12.tga>
         <LB_MAP_20.tga>
            <Type type="text">DcDt</Type>
            <Dt_name type="text">LB_MAP_20.tga</Dt_name>
            <Dt_flags type="int">0x40</Dt_flags>
         </LB_MAP_20.tga>
         <LB_MAP_24.tga>
            <Type type="text">DcDt</Type>
            <Dt_name type="text">LB_MAP_24.tga</Dt_name>
            <Dt_flags type="int">0x40</Dt_flags>
         </LB_MAP_24.tga>
         <LB_map_19.tga>
            <Type type="text">DcDt</Type>
            <Dt_name type="text">LB_map_19.tga</Dt_name>
            <Dt_flags type="int">0x40</Dt_flags>
         </LB_map_19.tga>
         <li_outpost_glass>
            <Type type="text">DcDtOcOt</Type>
            <Dc type="RGB">0.70588237, 0.70980394, 0.50196081</Dc>
            <Oc type="float">0.1</Oc>
         </li_outpost_glass>
         <detailmap_LB_Door>
            <Type type="text">DcDtBt</Type>
            <Dt_name type="text">LB_Door.tga</Dt_name>
            <Dt_flags type="int">0x40</Dt_flags>
            <Bt_name type="text">dtl_tile11a.tga</Bt_name>
            <Bt_flags type="int">0x50</Bt_flags>
         </detailmap_LB_Door>
         <LB_map_14.tga>
            <Type type="text">DcDt</Type>
            <Dt_name type="text">LB_map_14.tga</Dt_name>
            <Dt_flags type="int">0x40</Dt_flags>
         </LB_map_14.tga>
         <LB_map_06.tga>
            <Type type="text">DcDt</Type>
            <Dt_name type="text">LB_map_06.tga</Dt_name>
            <Dt_flags type="int">0x40</Dt_flags>
         </LB_map_06.tga>
         <LB_MAP_25>
            <Type type="text">DcDt</Type>
            <Dt_name type="text">LB_MAP_25.tga</Dt_name>
            <Dt_flags type="int">0x40</Dt_flags>
         </LB_MAP_25>
         <LB_map_15.tga>
            <Type type="text">DcDt</Type>
            <Dt_name type="text">LB_map_15.tga</Dt_name>
            <Dt_flags type="int">0x40</Dt_flags>
         </LB_map_15.tga>
         <LB_MAP_27>
            <Type type="text">DcDt</Type>
            <Dt_name type="text">LB_MAP_27.tga</Dt_name>
            <Dt_flags type="int">0x40</Dt_flags>
         </LB_MAP_27>
         <LB_map_16.tga>
            <Type type="text">DcDt</Type>
            <Dt_name type="text">LB_map_16.tga</Dt_name>
            <Dt_flags type="int">0x40</Dt_flags>
         </LB_map_16.tga>
         <LB_map_17.tga>
            <Type type="text">DcDt</Type>
            <Dt_name type="text">LB_map_17.tga</Dt_name>
            <Dt_flags type="int">0x40</Dt_flags>
         </LB_map_17.tga>
         <LB_MAP_28>
            <Type type="text">DcDt</Type>
            <Dt_name type="text">LB_MAP_29.tga</Dt_name>
            <Dt_flags type="int">0x40</Dt_flags>
         </LB_MAP_28>
         <LB_map_21.tga>
            <Type type="text">DcDt</Type>
            <Dt_name type="text">LB_map_21.tga</Dt_name>
            <Dt_flags type="int">0x40</Dt_flags>
         </LB_map_21.tga>
         <Dig_site_18.TGA>
            <Type type="text">DcDt</Type>
            <Dt_name type="text">Dig_site_18.TGA</Dt_name>
            <Dt_flags type="int">0x40</Dt_flags>
         </Dig_site_18.TGA>
      </Material_library>
      <Texture_library name="Texture library">
         <Dig_site_18.TGA>
            <MIPS type="file" filename="li_outpost_deck_cmp\Dig_site_18.dds"/>
         </Dig_site_18.TGA>
         <LB_map_21.tga>
            <MIPS type="file" filename="li_outpost_deck_cmp\LB_map_21.dds"/>
         </LB_map_21.tga>
         <LB_MAP_29.tga>
            <MIPS type="file" filename="li_outpost_deck_cmp\LB_MAP_29.dds"/>
         </LB_MAP_29.tga>
         <LB_map_17.tga>
            <MIPS type="file" filename="li_outpost_deck_cmp\LB_map_17.dds"/>
         </LB_map_17.tga>
         <LB_map_16.tga>
            <MIPS type="file" filename="li_outpost_deck_cmp\LB_map_16.dds"/>
         </LB_map_16.tga>
         <LB_MAP_27.tga>
            <MIPS type="file" filename="li_outpost_deck_cmp\LB_MAP_27.dds"/>
         </LB_MAP_27.tga>
         <LB_map_15.tga>
            <MIPS type="file" filename="li_outpost_deck_cmp\LB_map_15.dds"/>
         </LB_map_15.tga>
         <LB_MAP_25.tga>
            <MIPS type="file" filename="li_outpost_deck_cmp\LB_MAP_25.dds"/>
         </LB_MAP_25.tga>
         <LB_map_06.tga>
            <MIPS type="file" filename="li_outpost_deck_cmp\LB_map_06.dds"/>
         </LB_map_06.tga>
         <LB_map_14.tga>
            <MIPS type="file" filename="li_outpost_deck_cmp\LB_map_14.dds"/>
         </LB_map_14.tga>
         <dtl_tile11a.tga>
            <MIPS type="file" filename="li_outpost_deck_cmp\dtl_tile11a.dds"/>
         </dtl_tile11a.tga>
         <LB_Door.tga>
            <MIPS type="file" filename="li_outpost_deck_cmp\LB_Door.dds"/>
         </LB_Door.tga>
         <LB_map_19.tga>
            <MIPS type="file" filename="li_outpost_deck_cmp\LB_map_19.dds"/>
         </LB_map_19.tga>
         <LB_MAP_24.tga>
            <MIPS type="file" filename="li_outpost_deck_cmp\LB_MAP_24.dds"/>
         </LB_MAP_24.tga>
         <LB_MAP_20.tga>
            <MIPS type="file" filename="li_outpost_deck_cmp\LB_MAP_20.dds"/>
         </LB_MAP_20.tga>
         <LB_map_12.tga>
            <MIPS type="file" filename="li_outpost_deck_cmp\LB_map_12.dds"/>
         </LB_map_12.tga>
         <LB_map_09.tga>
            <MIPS type="file" filename="li_outpost_deck_cmp\LB_map_09.dds"/>
         </LB_map_09.tga>
         <LB_map_10.tga>
            <MIPS type="file" filename="li_outpost_deck_cmp\LB_map_10.dds"/>
         </LB_map_10.tga>
         <LB_map_13.tga>
            <MIPS type="file" filename="li_outpost_deck_cmp\LB_map_13.dds"/>
         </LB_map_13.tga>
         <LB_map_18.tga>
            <MIPS type="file" filename="li_outpost_deck_cmp\LB_map_18.dds"/>
         </LB_map_18.tga>
         <LB_map_11.tga>
            <MIPS type="file" filename="li_outpost_deck_cmp\LB_map_11.dds"/>
         </LB_map_11.tga>
         <LB_map_23.tga>
            <MIPS type="file" filename="li_outpost_deck_cmp\LB_map_23.dds"/>
         </LB_map_23.tga>
         <LB_MAP_22.tga>
            <MIPS type="file" filename="li_outpost_deck_cmp\LB_MAP_22.dds"/>
         </LB_MAP_22.tga>
         <LB_map_08.tga>
            <MIPS type="file" filename="li_outpost_deck_cmp\LB_map_08.dds"/>
         </LB_map_08.tga>
         <LB_map_07.tga>
            <MIPS type="file" filename="li_outpost_deck_cmp\LB_map_07.dds"/>
         </LB_map_07.tga>
         <LB_map_05.tga>
            <MIPS type="file" filename="li_outpost_deck_cmp\LB_map_05.dds"/>
         </LB_map_05.tga>
         <LB_map_04.tga>
            <MIPS type="file" filename="li_outpost_deck_cmp\LB_map_04.dds"/>
         </LB_map_04.tga>
         <LB_map_03.tga>
            <MIPS type="file" filename="li_outpost_deck_cmp\LB_map_03.dds"/>
         </LB_map_03.tga>
         <LB_map_02.tga>
            <MIPS type="file" filename="li_outpost_deck_cmp\LB_map_02.dds"/>
         </LB_map_02.tga>
         <LB_map_01.tga>
            <MIPS type="file" filename="li_outpost_deck_cmp\LB_map_01.dds"/>
         </LB_map_01.tga>
      </Texture_library>
      <Root_deck021206195405.3db>
         <VMeshPart>
            <VMeshRef type="VMeshRef">
               <!-- header size  --> 60,
               <!-- vmesh lib    --> data.bases.liberty.li_outpost_deck.lod0-112.vms,
               <!-- start vert   --> 2898,
               <!-- num verts    --> 750,
               <!-- start index  --> 6636,
               <!-- num indices  --> 1290,
               <!-- start mesh   --> 14,
               <!-- num meshes   --> 6,
               <!-- bounding box -->  22.468628,   287.11613e-6,  22.389215,
                                     -22.468628,    -2.2701225,  -22.389223,
               <!-- center       -->   0.12630253,  -1.1140314,    0.98081648,
               <!-- radius       --> 26.94289
            </VMeshRef>
         </VMeshPart>
         <VMeshWire include="li_outpost_deck_cmp\Root_deck.vwd.xml"/>
         <Hardpoints>
            <Fixed>
               <HpCan01>
                  <Position type="Vector">-17.163145, 11.564645, -30.256756</Position>
                  <Orientation type="Matrix">
                       1.0000000000,  947.30873e-18, -11.605453e-15,
                     -947.30873e-18,   1.0000000000, -1.4054954e-15,
                      11.605453e-15,  1.4054954e-15,   1.0000000000
                  </Orientation>
               </HpCan01>
               <HpCan02>
                  <Position type="Vector">-17.163145, 5.5562582, -30.256758</Position>
                  <Orientation type="Matrix">
                       1.0000000000,  947.30873e-18, -11.605453e-15,
                     -947.30873e-18,   1.0000000000, -1.4054954e-15,
                      11.605453e-15,  1.4054954e-15,   1.0000000000
                  </Orientation>
               </HpCan02>
               <HpCan03>
                  <Position type="Vector">17.163153, 5.5562611, -30.256754</Position>
                  <Orientation type="Matrix">
                       1.0000000000,  947.30873e-18, -11.605453e-15,
                     -947.30873e-18,   1.0000000000, -1.4054954e-15,
                      11.605453e-15,  1.4054954e-15,   1.0000000000
                  </Orientation>
               </HpCan03>
               <HpCan04>
                  <Position type="Vector">17.163153, 11.564648, -30.256754</Position>
                  <Orientation type="Matrix">
                       1.0000000000,  947.30873e-18, -11.605453e-15,
                     -947.30873e-18,   1.0000000000, -1.4054954e-15,
                      11.605453e-15,  1.4054954e-15,   1.0000000000
                  </Orientation>
               </HpCan04>
               <HpCan05>
                  <Position type="Vector">17.163145, 5.5562639, 30.302137</Position>
                  <Orientation type="Matrix">
                       1.0000000000,  947.30873e-18, -11.605453e-15,
                     -947.30873e-18,   1.0000000000, -1.4054954e-15,
                      11.605453e-15,  1.4054954e-15,   1.0000000000
                  </Orientation>
               </HpCan05>
               <HpCan06>
                  <Position type="Vector">17.163145, 11.564651, 30.302137</Position>
                  <Orientation type="Matrix">
                       1.0000000000,  947.30873e-18, -11.605453e-15,
                     -947.30873e-18,   1.0000000000, -1.4054954e-15,
                      11.605453e-15,  1.4054954e-15,   1.0000000000
                  </Orientation>
               </HpCan06>
               <HpCan07>
                  <Position type="Vector">-17.163149, 5.5562611, 30.302134</Position>
                  <Orientation type="Matrix">
                       1.0000000000,  947.30873e-18, -11.605453e-15,
                     -947.30873e-18,   1.0000000000, -1.4054954e-15,
                      11.605453e-15,  1.4054954e-15,   1.0000000000
                  </Orientation>
               </HpCan07>
               <HpCan08>
                  <Position type="Vector">-17.163153, 11.564648, 30.302135</Position>
                  <Orientation type="Matrix">
                       1.0000000000,  947.30873e-18, -11.605453e-15,
                     -947.30873e-18,   1.0000000000, -1.4054954e-15,
                      11.605453e-15,  1.4054954e-15,   1.0000000000
                  </Orientation>
               </HpCan08>
               <HpComo01>
                  <Position type="Vector">-17.163141, 10.851208, -25.552771</Position>
                  <Orientation type="Matrix">
                       1.0000000000, -9.7108321e-15,  2.6054013e-15,
                      9.7108321e-15,   1.0000000000, -1.4054961e-15,
                     -2.6054013e-15,  1.4054961e-15,   1.0000000000
                  </Orientation>
               </HpComo01>
               <HpComo02>
                  <Position type="Vector">-17.163141, 4.8428211, -25.552773</Position>
                  <Orientation type="Matrix">
                       1.0000000000, -9.7108321e-15,  2.6054013e-15,
                      9.7108321e-15,   1.0000000000, -1.4054961e-15,
                     -2.6054013e-15,  1.4054961e-15,   1.0000000000
                  </Orientation>
               </HpComo02>
               <HpComo03>
                  <Position type="Vector">17.163157, 10.851211, -25.552769</Position>
                  <Orientation type="Matrix">
                       1.0000000000, -9.7108321e-15,  2.6054013e-15,
                      9.7108321e-15,   1.0000000000, -1.4054961e-15,
                     -2.6054013e-15,  1.4054961e-15,   1.0000000000
                  </Orientation>
               </HpComo03>
               <HpComo04>
                  <Position type="Vector">17.163157, 4.842824, -25.552769</Position>
                  <Orientation type="Matrix">
                       1.0000000000, -9.7108321e-15,  2.6054013e-15,
                      9.7108321e-15,   1.0000000000, -1.4054961e-15,
                     -2.6054013e-15,  1.4054961e-15,   1.0000000000
                  </Orientation>
               </HpComo04>
               <HpComo05>
                  <Position type="Vector">17.163149, 10.851213, 25.547199</Position>
                  <Orientation type="Matrix">
                       1.0000000000, -9.7108321e-15,  2.6054013e-15,
                      9.7108321e-15,   1.0000000000, -1.4054961e-15,
                     -2.6054013e-15,  1.4054961e-15,   1.0000000000
                  </Orientation>
               </HpComo05>
               <HpComo06>
                  <Position type="Vector">-17.163149, 10.85121, 25.547197</Position>
                  <Orientation type="Matrix">
                       1.0000000000, -9.7108321e-15,  2.6054013e-15,
                      9.7108321e-15,   1.0000000000, -1.4054961e-15,
                     -2.6054013e-15,  1.4054961e-15,   1.0000000000
                  </Orientation>
               </HpComo06>
               <HpComo07>
                  <Position type="Vector">-17.163149, 4.8428235, 25.547195</Position>
                  <Orientation type="Matrix">
                       1.0000000000, -9.7108321e-15,  2.6054013e-15,
                      9.7108321e-15,   1.0000000000, -1.4054961e-15,
                     -2.6054013e-15,  1.4054961e-15,   1.0000000000
                  </Orientation>
               </HpComo07>
               <HpComo08>
                  <Position type="Vector">17.163149, 4.8428264, 25.547199</Position>
                  <Orientation type="Matrix">
                       1.0000000000, -9.7108321e-15,  2.6054013e-15,
                      9.7108321e-15,   1.0000000000, -1.4054961e-15,
                     -2.6054013e-15,  1.4054961e-15,   1.0000000000
                  </Orientation>
               </HpComo08>
            </Fixed>
         </Hardpoints>
      </Root_deck021206195405.3db>
      <ceiling021206195405.3db>
         <VMeshPart>
            <VMeshRef type="VMeshRef">
               <!-- header size  --> 60,
               <!-- vmesh lib    --> data.bases.liberty.li_outpost_deck.lod0-112.vms,
               <!-- start vert   --> 11616,
               <!-- num verts    --> 129,
               <!-- start index  --> 22665,
               <!-- num indices  --> 192,
               <!-- start mesh   --> 60,
               <!-- num meshes   --> 2,
               <!-- bounding box --> -13.127586, 15.000835,  42.305,
                                     -57.325974, 11.36071,  -42.305008,
               <!-- center       --> -35.050308, 13.396925,   0.55344909,
               <!-- radius       --> 48.3283
            </VMeshRef>
         </VMeshPart>
         <VMeshWire include="li_outpost_deck_cmp\ceiling.vwd.xml"/>
      </ceiling021206195405.3db>
      <door01021206195405.3db>
         <VMeshPart>
            <VMeshRef type="VMeshRef">
               <!-- header size  --> 60,
               <!-- vmesh lib    --> data.bases.liberty.li_outpost_deck.lod0-112.vms,
               <!-- start vert   --> 10904,
               <!-- num verts    --> 532,
               <!-- start index  --> 21405,
               <!-- num indices  --> 960,
               <!-- start mesh   --> 55,
               <!-- num meshes   --> 3,
               <!-- bounding box -->  2.9287515,    5.8570566,   1.087719,
                                     -3.2446468,  -17.01174,   -15.889551,
               <!-- center       -->  0.19757482,  -5.3543153,  -8.2683868,
               <!-- radius       --> 13.287737
            </VMeshRef>
         </VMeshPart>
         <VMeshWire include="li_outpost_deck_cmp\door01.vwd.xml"/>
      </door01021206195405.3db>
      <door02021206195405.3db>
         <VMeshPart>
            <VMeshRef type="VMeshRef">
               <!-- header size  --> 60,
               <!-- vmesh lib    --> data.bases.liberty.li_outpost_deck.lod0-112.vms,
               <!-- start vert   --> 10372,
               <!-- num verts    --> 532,
               <!-- start index  --> 20445,
               <!-- num indices  --> 960,
               <!-- start mesh   --> 52,
               <!-- num meshes   --> 3,
               <!-- bounding box -->  2.9287498,    5.8570576,   1.0877191,
                                     -3.2446477,  -17.011742,  -15.889551,
               <!-- center       -->  0.19757342,  -5.3543172,  -8.2683868,
               <!-- radius       --> 13.287738
            </VMeshRef>
         </VMeshPart>
         <VMeshWire include="li_outpost_deck_cmp\door02.vwd.xml"/>
      </door02021206195405.3db>
      <Fan01021206195405.3db>
         <VMeshPart>
            <VMeshRef type="VMeshRef">
               <!-- header size  --> 60,
               <!-- vmesh lib    --> data.bases.liberty.li_outpost_deck.lod0-112.vms,
               <!-- start vert   --> 3648,
               <!-- num verts    --> 96,
               <!-- start index  --> 7926,
               <!-- num indices  --> 138,
               <!-- start mesh   --> 20,
               <!-- num meshes   --> 1,
               <!-- bounding box -->  3.0859571,   3.0888064,    0.061308298,
                                     -3.0859556,  -3.0888076,   -0.2521888,
               <!-- center       -->  0.11796192, -0.052709065, -0.083591469,
               <!-- radius       --> 3.7970991
            </VMeshRef>
         </VMeshPart>
         <VMeshWire include="li_outpost_deck_cmp\Fan01.vwd.xml"/>
      </Fan01021206195405.3db>
      <Fan02021206195405.3db>
         <VMeshPart>
            <VMeshRef type="VMeshRef">
               <!-- header size  --> 60,
               <!-- vmesh lib    --> data.bases.liberty.li_outpost_deck.lod0-112.vms,
               <!-- start vert   --> 11745,
               <!-- num verts    --> 96,
               <!-- start index  --> 22857,
               <!-- num indices  --> 138,
               <!-- start mesh   --> 62,
               <!-- num meshes   --> 1,
               <!-- bounding box -->  3.0859587,   3.0888097,    0.061314311,
                                     -3.0859547,  -3.0888066,   -0.25218245,
               <!-- center       -->  0.11796299, -0.052706629, -0.08358527,
               <!-- radius       --> 3.7971003
            </VMeshRef>
         </VMeshPart>
         <VMeshWire include="li_outpost_deck_cmp\Fan02.vwd.xml"/>
      </Fan02021206195405.3db>
      <FLOOR021206195405.3db>
         <VMeshPart>
            <VMeshRef type="VMeshRef">
               <!-- header size  --> 60,
               <!-- vmesh lib    --> data.bases.liberty.li_outpost_deck.lod0-112.vms,
               <!-- start vert   --> 11472,
               <!-- num verts    --> 144,
               <!-- start index  --> 22401,
               <!-- num indices  --> 264,
               <!-- start mesh   --> 59,
               <!-- num meshes   --> 1,
               <!-- bounding box -->  31.74473,     -5.8935938,  42.305008,
                                     -31.744732,   -12.792971,  -42.305004,
               <!-- center       -->   0.47396749,  -8.5961523,   1.7991424,
               <!-- radius       --> 54.685677
            </VMeshRef>
         </VMeshPart>
         <VMeshWire include="li_outpost_deck_cmp\FLOOR.vwd.xml"/>
      </FLOOR021206195405.3db>
      <GATE03021206195405.3db>
         <VMeshPart>
            <VMeshRef type="VMeshRef">
               <!-- header size  --> 60,
               <!-- vmesh lib    --> data.bases.liberty.li_outpost_deck.lod0-112.vms,
               <!-- start vert   --> 0,
               <!-- num verts    --> 2898,
               <!-- start index  --> 0,
               <!-- num indices  --> 6636,
               <!-- start mesh   --> 0,
               <!-- num meshes   --> 14,
               <!-- bounding box -->  35.22678,   15.000834,   42.305008,
                                     -10.446202, -19.639671,  -42.305004,
               <!-- center       -->  12.048686,  -2.0764704,   0.089761056,
               <!-- radius       --> 45.717758
            </VMeshRef>
         </VMeshPart>
         <VMeshWire include="li_outpost_deck_cmp\GATE03.vwd.xml"/>
      </GATE03021206195405.3db>
      <GATE04021206195405.3db>
         <VMeshPart>
            <VMeshRef type="VMeshRef">
               <!-- header size  --> 60,
               <!-- vmesh lib    --> data.bases.liberty.li_outpost_deck.lod0-112.vms,
               <!-- start vert   --> 7375,
               <!-- num verts    --> 2997,
               <!-- start index  --> 13809,
               <!-- num indices  --> 6636,
               <!-- start mesh   --> 38,
               <!-- num meshes   --> 14,
               <!-- bounding box -->  35.22678,   42.305004,     15.000835,
                                     -10.446196, -42.305,       -19.639673,
               <!-- center       -->  11.985196,   0.086441956,  -2.2724426,
               <!-- radius       --> 45.789783
            </VMeshRef>
         </VMeshPart>
         <VMeshWire include="li_outpost_deck_cmp\GATE04.vwd.xml"/>
      </GATE04021206195405.3db>
      <GLASS01021206195405.3db>
         <VMeshPart>
            <VMeshRef type="VMeshRef">
               <!-- header size  --> 60,
               <!-- vmesh lib    --> data.bases.liberty.li_outpost_deck.lod0-112.vms,
               <!-- start vert   --> 7339,
               <!-- num verts    --> 36,
               <!-- start index  --> 13773,
               <!-- num indices  --> 36,
               <!-- start mesh   --> 37,
               <!-- num meshes   --> 1,
