<?xml version="1.0" encoding="ISO-8859-1"?>
<!-- XML generated by UTFXML Version 2.2 built 19-Aug-2010 -->
<UTFXML filename="manufacturing_platform_lod.cmp" path="SOLAR\DOCKABLE">
   <UTF_ROOT>
      <VMeshLibrary>
         <data.solar.dockable.manufacturing_platform_lod.lod0-112.vms include="manufacturing_platform_lod_cmp\lod.lod0-112.vms.xml"/>
         <data.solar.dockable.manufacturing_platform_lod.lod1-112.vms include="manufacturing_platform_lod_cmp\lod.lod1-112.vms.xml"/>
         <data.solar.dockable.manufacturing_platform_lod.lod2-112.vms include="manufacturing_platform_lod_cmp\lod.lod2-112.vms.xml"/>
      </VMeshLibrary>
      <Animation include="manufacturing_platform_lod_cmp\Animation.xml"/>
      <Cmpnd>
         <Cons>
            <Rev type="Rev" count="1">
               <part>
                  <!-- parent      --> "Root",
                  <!-- child       --> "quarters_lod1",
                  <!-- position    --> -31.337465, 21.68067, -111.40907,
                  <!-- offset      --> 0, 0, 0,
                  <!-- orientation -->   1.0000000000,  564.50896e-24, -582.33515e-24,
                                       -564.50886e-24,   1.0000000000,  195.42689e-09,
                                        582.33525e-24, -195.42689e-09,   1.0000000000,
                  <!-- axis        -->   1.0000000000, -16.269163e-15, -174.84567e-09,
                  <!-- min, max    --> -6.2831855, 6.2831855
               </part>
            </Rev>
         </Cons>
         <Part_quarters_lod1>
            <File_name name="File name" type="text">quarters_lod1021210140445.3db</File_name>
            <Index type="int">1</Index>
            <Object_name name="Object name" type="text">quarters_lod1</Object_name>
         </Part_quarters_lod1>
         <Root>
            <File_name name="File name" type="text">platform_lod1021210140445.3db</File_name>
            <Index type="int">0</Index>
            <Object_name name="Object name" type="text">Root</Object_name>
         </Root>
      </Cmpnd>
      <Exporter_Version name="Exporter Version" type="text">Nov  5 2002 11:41:55</Exporter_Version>
      <platform_lod1021210140445.3db>
         <Hardpoints>
            <Fixed>
               <HpDockMountA>
                  <Orientation type="Matrix">
                     -107.37859e-09,  119.31938e-09,   1.0000000000,
                     -149.54514e-09,   1.0000000000, -119.31940e-09,
                      -1.0000000000, -149.54516e-09, -107.37857e-09
                  </Orientation>
                  <Position type="Vector">56.806103, 50.940258, 38.797829</Position>
               </HpDockMountA>
               <HpDockMountB>
                  <Orientation type="Matrix">
                       1.0000000000, -347.71952e-09,  250.94528e-09,
                      347.71941e-09,   1.0000000000,  411.75642e-09,
                     -250.94542e-09, -411.75633e-09,   1.0000000000
                  </Orientation>
                  <Position type="Vector">54.466896, 24.336885, 126.58471</Position>
               </HpDockMountB>
               <HpDockMountC>
                  <Orientation type="Matrix">
                       1.0000000000, -701.80511e-09,  608.94223e-09,
                      701.80488e-09,   1.0000000000,  354.88918e-09,
                     -608.94246e-09, -354.88875e-09,   1.0000000000
                  </Orientation>
                  <Position type="Vector">-54.573814, 24.336884, 126.61926</Position>
               </HpDockMountC>
               <HpDockMountD>
                  <Orientation type="Matrix">
                       1.0000000000, -379.80143e-09,  709.73118e-09,
                      379.80112e-09,   1.0000000000,  440.13623e-09,
                     -709.73135e-09, -440.13598e-09,   1.0000000000
                  </Orientation>
                  <Position type="Vector">-54.568264, 24.336868, 41.273285</Position>
               </HpDockMountD>
               <HpDockMountD01>
                  <Orientation type="Matrix">
                       1.0000000000, -379.80143e-09,  709.73118e-09,
                      379.80112e-09,   1.0000000000,  440.13623e-09,
                     -709.73135e-09, -440.13598e-09,   1.0000000000
                  </Orientation>
                  <Position type="Vector">-58.71962, 24.336874, 67.070564</Position>
               </HpDockMountD01>
               <HpDockMountD02>
                  <Orientation type="Matrix">
                       1.0000000000, -379.80143e-09,  709.73118e-09,
                      379.80112e-09,   1.0000000000,  440.13623e-09,
                     -709.73135e-09, -440.13598e-09,   1.0000000000
                  </Orientation>
                  <Position type="Vector">-79.989258, 24.33688, 106.87179</Position>
               </HpDockMountD02>
               <HpDockPointA01>
                  <Orientation type="Matrix">
                     -107.37859e-09,  119.31938e-09,   1.0000000000,
                     -149.54514e-09,   1.0000000000, -119.31940e-09,
                      -1.0000000000, -149.54516e-09, -107.37857e-09
                  </Orientation>
                  <Position type="Vector">98.350464, 50.941631, 38.797825</Position>
               </HpDockPointA01>
               <HpDockPointA02>
                  <Orientation type="Matrix">
                     -107.37859e-09,  119.31938e-09,   1.0000000000,
                     -149.54514e-09,   1.0000000000, -119.31940e-09,
                      -1.0000000000, -149.54516e-09, -107.37857e-09
                  </Orientation>
                  <Position type="Vector">159.63054, 50.940132, 38.797825</Position>
               </HpDockPointA02>
               <HpDockPointB01>
                  <Orientation type="Matrix">
                       1.0000000000, -347.71952e-09,  250.94528e-09,
                      347.71941e-09,   1.0000000000,  411.75642e-09,
                     -250.94542e-09, -411.75633e-09,   1.0000000000
                  </Orientation>
                  <Position type="Vector">54.466896, 24.336885, 149.72365</Position>
               </HpDockPointB01>
               <HpDockPointB02>
                  <Orientation type="Matrix">
                       1.0000000000, -347.71952e-09,  250.94528e-09,
                      347.71941e-09,   1.0000000000,  411.75642e-09,
                     -250.94542e-09, -411.75633e-09,   1.0000000000
                  </Orientation>
                  <Position type="Vector">54.466896, 24.336884, 193.6013</Position>
               </HpDockPointB02>
               <HpDockPointC01>
                  <Orientation type="Matrix">
                       1.0000000000, -701.80511e-09,  608.94223e-09,
                      701.80488e-09,   1.0000000000,  354.88918e-09,
                     -608.94246e-09, -354.88875e-09,   1.0000000000
                  </Orientation>
                  <Position type="Vector">-54.573814, 24.336887, 149.75821</Position>
               </HpDockPointC01>
               <HpDockPointC02>
                  <Orientation type="Matrix">
                       1.0000000000, -701.80511e-09,  608.94223e-09,
                      701.80488e-09,   1.0000000000,  354.88918e-09,
                     -608.94246e-09, -354.88875e-09,   1.0000000000
                  </Orientation>
                  <Position type="Vector">-54.573811, 24.336893, 193.63586</Position>
               </HpDockPointC02>
               <HpExhaust01>
                  <Orientation type="Matrix">
                       1.0000000000,  773.19731e-09, -395.17636e-09,
                     -773.19737e-09,   1.0000000000, -137.01671e-09,
                      395.17624e-09,  137.01703e-09,   1.0000000000
                  </Orientation>
                  <Position type="Vector">-0.091235995, 132.8447, 132.37579</Position>
               </HpExhaust01>
               <HpExhaust02>
                  <Orientation type="Matrix">
                       1.0000000000,  773.19731e-09, -395.17636e-09,
                     -773.19737e-09,   1.0000000000, -137.01671e-09,
                      395.17624e-09,  137.01703e-09,   1.0000000000
                  </Orientation>
                  <Position type="Vector">-0.091240324, 132.84468, 100.59039</Position>
               </HpExhaust02>
               <HpExhaust03>
                  <Orientation type="Matrix">
                       1.0000000000,  584.58011e-09, -499.59010e-09,
                     -584.58016e-09,   1.0000000000, -157.73989e-09,
                      499.58999e-09,  157.74019e-09,   1.0000000000
                  </Orientation>
                  <Position type="Vector">-0.091244303, 132.84468, 70.77739</Position>
               </HpExhaust03>
               <HpModule01>
                  <Orientation type="Matrix">
                     -721.21560e-09,  -1.0000000000,  600.66549e-09,
                       1.0000000000, -721.21537e-09,  363.44144e-09,
                     -363.44102e-09,  600.66577e-09,   1.0000000000
                  </Orientation>
                  <Position type="Vector">-27.235661, 21.592623, 126.61926</Position>
               </HpModule01>
               <HpModule02>
                  <Orientation type="Matrix">
                     -721.21560e-09,  -1.0000000000,  600.66549e-09,
                       1.0000000000, -721.21537e-09,  363.44144e-09,
                     -363.44102e-09,  600.66577e-09,   1.0000000000
                  </Orientation>
                  <Position type="Vector">-27.235672, 21.592609, 41.3004</Position>
               </HpModule02>
               <HpModule03>
                  <Orientation type="Matrix">
                      10.843837e-09,   1.0000000000, -689.92773e-09,
                       1.0000000000, -10.844020e-09, -264.74433e-09,
                     -264.74433e-09, -689.92773e-09,  -1.0000000000
                  </Orientation>
                  <Position type="Vector">27.113598, 21.592623, 126.61926</Position>
               </HpModule03>
               <HpRunningLight07>
                  <Orientation type="Matrix">
                       1.0000000000, -220.37841e-09, -104.50815e-09,
                      220.37842e-09,   1.0000000000,  199.09932e-09,
                      104.50810e-09, -199.09935e-09,   1.0000000000
                  </Orientation>
                  <Position type="Vector">0.16977488, 21.261324, -232.15901</Position>
               </HpRunningLight07>
               <HpRunningLight09>
                  <Orientation type="Matrix">
                       1.0000000000, -720.73595e-09,  415.31086e-09,
                     -228.61276e-09,   0.2419216300,   0.9702957900,
                     -799.79975e-09,  -0.9702957900,   0.2419216300
                  </Orientation>
                  <Position type="Vector">0.16717015, -39.894203, -127.91465</Position>
               </HpRunningLight09>
               <HpRunningLight10>
                  <Orientation type="Matrix">
                       0.8746198400, -403.26557e-09,   0.4848094000,
                      -0.4848094000, -120.04212e-09,   0.8746198400,
                     -294.50652e-09,  -1.0000000000, -300.49816e-09
                  </Orientation>
                  <Position type="Vector">-47.642338, -60.0853, 113.86854</Position>
               </HpRunningLight10>
               <HpRunningLight11>
                  <Orientation type="Matrix">
                       0.8746197200, -236.93380e-09,  -0.4848096100,
                       0.4848096100,  88.035115e-09,   0.8746197200,
                     -164.54671e-09,  -1.0000000000,  191.86503e-09
                  </Orientation>
                  <Position type="Vector">47.56538, -60.485691, 113.86853</Position>
               </HpRunningLight11>
               <HpRunningLight12>
                  <Orientation type="Matrix">
                     -239.32895e-09,  2.5428069e-09,  -1.0000000000,
                       1.0000000000,  111.40673e-09, -239.32895e-09,
                      111.40673e-09,  -1.0000000000, -2.5428335e-09
                  </Orientation>
                  <Position type="Vector">89.190689, 47.074429, 39.104794</Position>
               </HpRunningLight12>
               <HpRunningLight13>
                  <Orientation type="Matrix">
                      -1.0000000000, -16.170873e-09,  265.67560e-09,
                     -265.67560e-09, -75.867206e-09,  -1.0000000000,
                      16.170892e-09,  -1.0000000000,  75.867199e-09
                  </Orientation>
                  <Position type="Vector">56.742447, 50.120438, 13.521586</Position>
               </HpRunningLight13>
               <HpRunningLight14>
                  <Orientation type="Matrix">
                      -1.0000000000, -16.170873e-09,  265.67560e-09,
                     -265.67560e-09, -75.867206e-09,  -1.0000000000,
                      16.170892e-09,  -1.0000000000,  75.867199e-09
                  </Orientation>
                  <Position type="Vector">56.742451, 50.120445, 64.145844</Position>
               </HpRunningLight14>
               <HpRunningLight15>
                  <Orientation type="Matrix">
                      -1.0000000000, -41.363318e-09,  231.51873e-09,
                     -231.51873e-09, -90.072454e-09,  -1.0000000000,
                      41.363339e-09,  -1.0000000000,  90.072447e-09
                  </Orientation>
                  <Position type="Vector">-0.033028197, 141.50925, 59.611526</Position>
               </HpRunningLight15>
               <HpRunningLight16>
                  <Orientation type="Matrix">
                      -1.0000000000,  36.594045e-09,  241.17372e-09,
                     -241.17372e-09, -78.791508e-09,  -1.0000000000,
                     -36.594027e-09,  -1.0000000000,  78.791516e-09
                  </Orientation>
                  <Position type="Vector">-0.033016797, 141.50926, 143.63605</Position>
               </HpRunningLight16>
               <HpRunningLight17>
                  <Orientation type="Matrix">
                      -1.0000000000,  50.692471e-09,  428.35615e-09,
                     -400.63506e-09,  -0.4771588400,  -0.8788170800,
                      159.84452e-09,  -0.8788170800,   0.4771588400
                  </Orientation>
                  <Position type="Vector">-0.033043098, 107.75031, -50.147152</Position>
               </HpRunningLight17>
               <HpRunningLight19>
                  <Orientation type="Matrix">
                      -1.0000000000,  790.67149e-09, -279.14876e-09,
                     -279.14882e-09, -63.543581e-09,   1.0000000000,
                      790.67149e-09,   1.0000000000,  63.543801e-09
                  </Orientation>
                  <Position type="Vector">-0.033022191, -2.2988417, 153.52504</Position>
               </HpRunningLight19>
               <HpRunningLight20>
                  <Orientation type="Matrix">
                      -1.0000000000,  863.05818e-09, -246.09670e-09,
                     -246.09668e-09,  24.957522e-09,   1.0000000000,
                      863.05818e-09,   1.0000000000, -24.957309e-09
                  </Orientation>
                  <Position type="Vector">-0.033044323, -2.2988694, -15.41069</Position>
               </HpRunningLight20>
            </Fixed>
            <Revolute>
               <HpTurret_S1_01>
                  <Axis type="Vector">0, 1, 0</Axis>
                  <Max type="float">1.5707799</Max>
                  <Min type="float">-1.5707999</Min>
                  <Orientation type="Matrix">
                      178.81396e-09,  13.394511e-15,  -1.0000000000,
                     -49.378102e-09,   1.0000000000,  4.5650172e-15,
                       1.0000000000,  49.378102e-09,  178.81396e-09
                  </Orientation>
                  <Position type="Vector">82.469002, 49.448391, 38.982422</Position>
               </HpTurret_S1_01>
               <HpTurret_S1_02>
                  <Axis type="Vector">0, 1, 0</Axis>
                  <Max type="float">2.9670398</Max>
                  <Min type="float">-2.9670599</Min>
                  <Orientation type="Matrix">
                       1.0000000000, -102.89577e-09,  37.611287e-09,
                      89.102308e-09,   0.9636304400,   0.2672384700,
                     -63.741084e-09,  -0.2672384700,   0.9636304400
                  </Orientation>
                  <Position type="Vector">0.16717076, 87.05899, -129.16899</Position>
               </HpTurret_S1_02>
               <HpTurret_S1_03>
                  <Axis type="Vector">0, 1, 0</Axis>
                  <Max type="float">6.2831855</Max>
                  <Min type="float">-6.2831855</Min>
                  <Orientation type="Matrix">
                      -1.0000000000,  933.33131e-09, -214.71810e-09,
                     -214.71821e-09, -120.58477e-09,   1.0000000000,
                      933.33131e-09,   1.0000000000,  120.58497e-09
                  </Orientation>
                  <Position type="Vector">-0.033014655, 21.522707, 166.10825</Position>
               </HpTurret_S1_03>
               <HpTurret_S1_04>
                  <Axis type="Vector">0, 1, 0</Axis>
                  <Max type="float">1.5707799</Max>
                  <Min type="float">-1.5707999</Min>
                  <Orientation type="Matrix">
                     -178.81395e-09,  3.7777276e-15,  -1.0000000000,
                     -38.044675e-09,  -1.0000000000,  3.0251909e-15,
                      -1.0000000000,  38.044675e-09,  178.81395e-09
                  </Orientation>
                  <Position type="Vector">82.469002, 44.700542, 38.982422</Position>
               </HpTurret_S1_04>
               <HpTurret_S1_05>
                  <Axis type="Vector">0, 1, 0</Axis>
                  <Max type="float">1.5707799</Max>
                  <Min type="float">-0.7854</Min>
                  <Orientation type="Matrix">
                     -845.48520e-09,  -0.7071068900,   0.7071066500,
                      495.53620e-09,   0.7071066500,   0.7071068900,
                      -1.0000000000,  948.24537e-09, -247.45117e-09
                  </Orientation>
                  <Position type="Vector">-34.796597, 3.7407644, 8.0586548</Position>
               </HpTurret_S1_05>
               <HpTurret_S1_06>
                  <Axis type="Vector">0, 1, 0</Axis>
                  <Max type="float">1.5707799</Max>
                  <Min type="float">-1.5707999</Min>
                  <Orientation type="Matrix">
                     -1.4299276e-06, -363.88002e-09,  -1.0000000000,
                       0.4999997300,  -0.8660255700, -399.83402e-09,
                      -0.8660255700,  -0.4999997300,  1.4202938e-06
                  </Orientation>
                  <Position type="Vector">14.056022, -12.793447, -131.87273</Position>
               </HpTurret_S1_06>
               <HpTurret_S1_07>
                  <Axis type="Vector">0, 1, 0</Axis>
                  <Max type="float">1.5707799</Max>
                  <Min type="float">-1.5707999</Min>
                  <Orientation type="Matrix">
                      1.3338208e-06, -418.11893e-09,   1.0000000000,
                      -0.4999997300,  -0.8660255700,  304.80837e-09,
                       0.8660255700,  -0.4999997300, -1.3641823e-06
                  </Orientation>
                  <Position type="Vector">-14.159288, -12.793459, -131.87268</Position>
               </HpTurret_S1_07>
            </Revolute>
         </Hardpoints>
         <VMeshWire include="manufacturing_platform_lod_cmp\platform_lod1.vwd.xml"/>
         <MultiLevel>
            <Level0>
               <VMeshPart>
                  <VMeshRef type="VMeshRef">
                     <!-- header size  --> 60,
                     <!-- vmesh lib    --> data.solar.dockable.manufacturing_platform_lod.lod0-112.vms,
                     <!-- start vert   --> 3022,
                     <!-- num verts    --> 9940,
                     <!-- start index  --> 4284,
                     <!-- num indices  --> 14223,
                     <!-- start mesh   --> 6,
                     <!-- num meshes   --> 13,
                     <!-- bounding box -->  88.543175, 140.84309,   166.10641,
                                           -54.757553, -61.013851, -231.50441,
                     <!-- center       -->  16.362232,  40.3512,    -30.288725,
                     <!-- radius       --> 202.79182
                  </VMeshRef>
               </VMeshPart>
            </Level0>
            <Level1>
               <VMeshPart>
                  <VMeshRef type="VMeshRef">
                     <!-- header size  --> 60,
                     <!-- vmesh lib    --> data.solar.dockable.manufacturing_platform_lod.lod1-112.vms,
                     <!-- start vert   --> 442,
                     <!-- num verts    --> 2164,
                     <!-- start index  --> 792,
                     <!-- num indices  --> 3732,
                     <!-- start mesh   --> 1,
                     <!-- num meshes   --> 2,
                     <!-- bounding box -->  88.543175, 140.84309,   166.10641,
                                           -54.757553, -61.013851, -231.50441,
                     <!-- center       -->  16.362232,  40.3512,    -30.288725,
                     <!-- radius       --> 202.79182
                  </VMeshRef>
               </VMeshPart>
            </Level1>
            <Level2>
               <VMeshPart>
                  <VMeshRef type="VMeshRef">
                     <!-- header size  --> 60,
                     <!-- vmesh lib    --> data.solar.dockable.manufacturing_platform_lod.lod2-112.vms,
                     <!-- start vert   --> 122,
                     <!-- num verts    --> 860,
                     <!-- start index  --> 216,
                     <!-- num indices  --> 1383,
                     <!-- start mesh   --> 2,
                     <!-- num meshes   --> 2,
                     <!-- bounding box -->  88.543175, 140.84309,   166.10641,
                                           -54.757553, -61.013851, -231.50441,
                     <!-- center       -->  16.362232,  40.3512,    -30.288725,
                     <!-- radius       --> 202.79182
                  </VMeshRef>
               </VMeshPart>
            </Level2>
            <Switch2 type="float array" count="4">
               0,
               100,
               1000,
               1000000
            </Switch2>
         </MultiLevel>
      </platform_lod1021210140445.3db>
      <quarters_lod1021210140445.3db>
         <Hardpoints>
            <Fixed>
               <HpRunningLight01>
                  <Orientation type="Matrix">
                      228.99390e-09, -259.14309e-09,   1.0000000000,
                       1.0000000000,  360.85069e-09, -228.99380e-09,
                     -360.85063e-09,   1.0000000000,  259.14318e-09
                  </Orientation>
                  <Position type="Vector">-94.016212, -0.077854402, 0.19703139</Position>
               </HpRunningLight01>
               <HpRunningLight02>
                  <Orientation type="Matrix">
                     -207.54271e-09,  76.198972e-09,  -1.0000000000,
                       1.0000000000,  122.56577e-09, -207.54270e-09,
                      122.56575e-09,  -1.0000000000, -76.199001e-09
                  </Orientation>
                  <Position type="Vector">94.145187, -0.077854402, 0.19705309</Position>
               </HpRunningLight02>
               <HpRunningLight03>
                  <Orientation type="Matrix">
                       1.0000000000, -93.597052e-09, -236.86906e-09,
                     -236.86904e-09,  195.97260e-09,  -1.0000000000,
                      93.597102e-09,   1.0000000000,  195.97258e-09
                  </Orientation>
                  <Position type="Vector">-45.64756, 34.790649, 0.10637735</Position>
               </HpRunningLight03>
               <HpRunningLight04>
                  <Orientation type="Matrix">
                       1.0000000000, -37.620843e-09, -245.69667e-09,
                      245.69667e-09, -224.64667e-09,   1.0000000000,
                     -37.620900e-09,  -1.0000000000, -224.64666e-09
                  </Orientation>
                  <Position type="Vector">-45.64756, -35.119576, 0.15069881</Position>
               </HpRunningLight04>
               <HpRunningLight05>
                  <Orientation type="Matrix">
                       1.0000000000, -171.89807e-09, -194.10912e-09,
                     -171.89811e-09,  -1.0000000000, -227.65472e-09,
                     -194.10908e-09,  227.65475e-09,  -1.0000000000
                  </Orientation>
                  <Position type="Vector">-45.647564, -0.20107368, 34.940891</Position>
               </HpRunningLight05>
               <HpRunningLight06>
                  <Orientation type="Matrix">
                       1.0000000000, -266.15299e-09, -301.32375e-09,
                      266.15305e-09,   1.0000000000,  213.04881e-09,
                      301.32369e-09, -213.04889e-09,   1.0000000000
                  </Orientation>
                  <Position type="Vector">-45.647556, -0.20108171, -34.950108</Position>
               </HpRunningLight06>
            </Fixed>
         </Hardpoints>
         <VMeshWire include="manufacturing_platform_lod_cmp\quarters_lod1.vwd.xml"/>
         <MultiLevel>
            <Level0>
               <VMeshPart>
                  <VMeshRef type="VMeshRef">
                     <!-- header size  --> 60,
                     <!-- vmesh lib    --> data.solar.dockable.manufacturing_platform_lod.lod0-112.vms,
                     <!-- start vert   --> 0,
                     <!-- num verts    --> 3022,
                     <!-- start index  --> 0,
                     <!-- num indices  --> 4284,
                     <!-- start mesh   --> 0,
                     <!-- num meshes   --> 6,
                     <!-- bounding box -->  95.40519,      34.134079,    34.294209,
                                           -95.31871,     -34.45705,    -34.296917,
                     <!-- center       -->   0.028461372,  -0.10060064,   0.75105542,
                     <!-- radius       --> 98.862679
                  </VMeshRef>
               </VMeshPart>
            </Level0>
            <Level1>
               <VMeshPart>
                  <VMeshRef type="VMeshRef">
                     <!-- header size  --> 60,
                     <!-- vmesh lib    --> data.solar.dockable.manufacturing_platform_lod.lod1-112.vms,
                     <!-- start vert   --> 0,
                     <!-- num verts    --> 442,
                     <!-- start index  --> 0,
                     <!-- num indices  --> 792,
                     <!-- start mesh   --> 0,
                     <!-- num meshes   --> 1,
                     <!-- bounding box -->  95.40519,      34.134079,    34.294209,
                                           -95.31871,     -34.45705,    -34.296917,
                     <!-- center       -->   0.028461372,  -0.10060064,   0.75105542,
                     <!-- radius       --> 98.862679
                  </VMeshRef>
               </VMeshPart>
            </Level1>
            <Level2>
               <VMeshPart>
                  <VMeshRef type="VMeshRef">
                     <!-- header size  --> 60,
                     <!-- vmesh lib    --> data.solar.dockable.manufacturing_platform_lod.lod2-112.vms,
                     <!-- start vert   --> 0,
                     <!-- num verts    --> 122,
                     <!-- start index  --> 0,
                     <!-- num indices  --> 216,
                     <!-- start mesh   --> 0,
                     <!-- num meshes   --> 2,
                     <!-- bounding box -->  95.40519,      34.134079,    34.294209,
                                           -95.31871,     -34.45705,    -34.296917,
                     <!-- center       -->   0.028461372,  -0.10060064,   0.75105542,
                     <!-- radius       --> 98.862679
                  </VMeshRef>
               </VMeshPart>
            </Level2>
            <Switch2 type="float array" count="4">
               0,
               100,
               1000,
               1000000
            </Switch2>
         </MultiLevel>
      </quarters_lod1021210140445.3db>
   </UTF_ROOT>
</UTFXML>
