<?xml version="1.0" encoding="ISO-8859-1"?>
<!-- XML generated by UTFXML Version 2.2 built 19-Aug-2010 -->
<UTFXML filename="miningbase_mineablea.cmp" path="SOLAR\DOCKABLE">
   <UTF_ROOT>
      <VMeshLibrary>
         <data.solar.dockable.miningbase_mineablea.lod0-112.vms include="miningbase_mineablea_cmp\lod0-112.vms.xml"/>
         <data.solar.dockable.miningbase_mineablea.lod0-212.vms include="miningbase_mineablea_cmp\lod0-212.vms.xml"/>
         <data.solar.dockable.miningbase_mineablea.lod1-112.vms include="miningbase_mineablea_cmp\lod1-112.vms.xml"/>
         <data.solar.dockable.miningbase_mineablea.lod1-212.vms include="miningbase_mineablea_cmp\lod1-212.vms.xml"/>
      </VMeshLibrary>
      <Animation include="miningbase_mineablea_cmp\Animation.xml"/>
      <Cmpnd>
         <Cons>
            <Fix type="Fix" count="2">
               <part>
                  <!-- parent      --> "Root",
                  <!-- child       --> "dockA_lod1",
                  <!-- position    --> -35.856674, -27.016787, 6.597229,
                  <!-- orientation -->   0.9464861200,  -0.3227413900,   0.0014419811,
                                         0.3226583900,   0.9463270900,   0.0188848560,
                                        -0.0074595106,  -0.0174089880,   0.9998206500
               </part>
               <part>
                  <!-- parent      --> "Root",
                  <!-- child       --> "dockB_lod1",
                  <!-- position    --> 56.471031, -4.1393366, 1.0237615,
                  <!-- orientation -->  -0.7299180000,   0.6461243600,   0.2230314800,
                                         0.6595829100,   0.7514109600,  -0.0182193910,
                                        -0.1793602900,   0.1338090900,  -0.9746409700
               </part>
            </Fix>
            <Pris type="Rev" count="2">
               <part>
                  <!-- parent      --> "dockA_lod1",
                  <!-- child       --> "doorA_lod1",
                  <!-- position    --> -33.283688, 11.968581, 0.14221165,
                  <!-- offset      --> 0, 0, 0,
                  <!-- orientation -->  -0.0046870895,  -0.0091133546,   0.9999474900,
                                        -0.0189854540,  -0.9997774400,  -0.0092007956,
                                         0.9998087900,  -0.0190275810,   0.0045130248,
                  <!-- axis        -->   0.0091130957,   0.9997774400,   0.0190275910,
                  <!-- min, max    --> 0, 43.690281
               </part>
               <part>
                  <!-- parent      --> "dockB_lod1",
                  <!-- child       --> "doorB_lod1",
                  <!-- position    --> -33.283688, 11.968591, 0.14220883,
                  <!-- offset      --> 0, 0, 0,
                  <!-- orientation -->  -0.0046871691,  -0.0091135344,   0.9999474900,
                                        -0.0189854300,  -0.9997774400,  -0.0092009772,
                                         0.9998087900,  -0.0190275590,   0.0045131012,
                  <!-- axis        -->   0.0091130082,   0.9997774400,   0.0190275650,
                  <!-- min, max    --> 0, 43.690285
               </part>
            </Pris>
         </Cons>
         <Part_dockA_lod1>
            <File_name name="File name" type="text">dockA_lod1021120123624.3db</File_name>
            <Index type="int">1</Index>
            <Object_name name="Object name" type="text">dockA_lod1</Object_name>
         </Part_dockA_lod1>
         <Part_dockB_lod1>
            <File_name name="File name" type="text">dockB_lod1021120123624.3db</File_name>
            <Index type="int">3</Index>
            <Object_name name="Object name" type="text">dockB_lod1</Object_name>
         </Part_dockB_lod1>
         <Part_doorA_lod1>
            <File_name name="File name" type="text">doorA_lod1021120123624.3db</File_name>
            <Index type="int">2</Index>
            <Object_name name="Object name" type="text">doorA_lod1</Object_name>
         </Part_doorA_lod1>
         <Part_doorB_lod1>
            <File_name name="File name" type="text">doorB_lod1021120123624.3db</File_name>
            <Index type="int">4</Index>
            <Object_name name="Object name" type="text">doorB_lod1</Object_name>
         </Part_doorB_lod1>
         <Root>
            <File_name name="File name" type="text">miningbase_mineableA_lod1021120123624.3db</File_name>
            <Index type="int">0</Index>
            <Object_name name="Object name" type="text">Root</Object_name>
         </Root>
      </Cmpnd>
      <dockA_lod1021120123624.3db>
         <VMeshWire include="miningbase_mineablea_cmp\dockA_lod1.vwd.xml"/>
         <MultiLevel>
            <Level0>
               <VMeshPart>
                  <VMeshRef type="VMeshRef">
                     <!-- header size  --> 60,
                     <!-- vmesh lib    --> data.solar.dockable.miningbase_mineablea.lod0-212.vms,
                     <!-- start vert   --> 0,
                     <!-- num verts    --> 577,
                     <!-- start index  --> 0,
                     <!-- num indices  --> 771,
                     <!-- start mesh   --> 0,
                     <!-- num meshes   --> 6,
                     <!-- bounding box -->  39.872261,  61.68243,   27.893587,
                                           -65.144768, -27.89241,  -27.893578,
                     <!-- center       --> -11.515248,  18.178404,  -2.3817143,
                     <!-- radius       --> 66.279877
                  </VMeshRef>
               </VMeshPart>
            </Level0>
            <Level1>
               <VMeshPart>
                  <VMeshRef type="VMeshRef">
                     <!-- header size  --> 60,
                     <!-- vmesh lib    --> data.solar.dockable.miningbase_mineablea.lod1-212.vms,
                     <!-- start vert   --> 0,
                     <!-- num verts    --> 132,
                     <!-- start index  --> 0,
                     <!-- num indices  --> 210,
                     <!-- start mesh   --> 0,
                     <!-- num meshes   --> 2,
                     <!-- bounding box -->  39.872261,  61.68243,   27.893587,
                                           -65.144768, -27.89241,  -27.893578,
                     <!-- center       --> -11.515248,  18.178404,  -2.3817143,
                     <!-- radius       --> 66.279877
                  </VMeshRef>
               </VMeshPart>
            </Level1>
            <Switch2 type="float array" count="3">
               0,
               100,
               1000000
            </Switch2>
         </MultiLevel>
      </dockA_lod1021120123624.3db>
      <dockB_lod1021120123624.3db>
         <VMeshWire include="miningbase_mineablea_cmp\dockB_lod1.vwd.xml"/>
         <MultiLevel>
            <Level0>
               <VMeshPart>
                  <VMeshRef type="VMeshRef">
                     <!-- header size  --> 60,
                     <!-- vmesh lib    --> data.solar.dockable.miningbase_mineablea.lod0-112.vms,
                     <!-- start vert   --> 0,
                     <!-- num verts    --> 144,
                     <!-- start index  --> 0,
                     <!-- num indices  --> 252,
                     <!-- start mesh   --> 0,
                     <!-- num meshes   --> 1,
                     <!-- bounding box -->  39.872253,    27.892412,   27.893585,
                                           -39.872253,   -27.892399,  -27.893576,
                     <!-- center       -->   0.14929242,   1.9636892,   0.20137629,
                     <!-- radius       --> 47.747837
                  </VMeshRef>
               </VMeshPart>
            </Level0>
            <Level1>
               <VMeshPart>
                  <VMeshRef type="VMeshRef">
                     <!-- header size  --> 60,
                     <!-- vmesh lib    --> data.solar.dockable.miningbase_mineablea.lod1-112.vms,
                     <!-- start vert   --> 0,
                     <!-- num verts    --> 54,
                     <!-- start index  --> 0,
                     <!-- num indices  --> 108,
                     <!-- start mesh   --> 0,
                     <!-- num meshes   --> 1,
                     <!-- bounding box -->  39.872253,    27.892412,   27.893585,
                                           -39.872253,   -27.892399,  -27.893576,
                     <!-- center       -->   0.14929242,   1.9636892,   0.20137629,
                     <!-- radius       --> 47.747837
                  </VMeshRef>
               </VMeshPart>
            </Level1>
            <Switch2 type="float array" count="3">
               0,
               100,
               1000000
            </Switch2>
         </MultiLevel>
      </dockB_lod1021120123624.3db>
      <doorA_lod1021120123624.3db>
         <VMeshWire include="miningbase_mineablea_cmp\doorA_lod1.vwd.xml"/>
         <MultiLevel>
            <Level0>
               <VMeshPart>
                  <VMeshRef type="VMeshRef">
                     <!-- header size  --> 60,
                     <!-- vmesh lib    --> data.solar.dockable.miningbase_mineablea.lod0-112.vms,
                     <!-- start vert   --> 144,
                     <!-- num verts    --> 144,
                     <!-- start index  --> 252,
                     <!-- num indices  --> 192,
                     <!-- start mesh   --> 1,
                     <!-- num meshes   --> 1,
                     <!-- bounding box -->  23.714809,      35.557468, 1.4123585,
                                           -23.714809,     -11.854731, 0.35150152,
                     <!-- center       -->  -2.6493985e-6,  11.851367, 0.88192809,
                     <!-- radius       --> 23.720627
                  </VMeshRef>
               </VMeshPart>
            </Level0>
            <Level1>
               <VMeshPart>
                  <VMeshRef type="VMeshRef">
                     <!-- header size  --> 60,
                     <!-- vmesh lib    --> data.solar.dockable.miningbase_mineablea.lod1-112.vms,
                     <!-- start vert   --> 54,
                     <!-- num verts    --> 48,
                     <!-- start index  --> 108,
                     <!-- num indices  --> 96,
                     <!-- start mesh   --> 1,
                     <!-- num meshes   --> 1,
                     <!-- bounding box -->  23.714809,      35.557468, 1.4123585,
                                           -23.714809,     -11.854731, 0.35150152,
                     <!-- center       -->  -2.6493985e-6,  11.851367, 0.88192809,
                     <!-- radius       --> 23.720627
                  </VMeshRef>
               </VMeshPart>
            </Level1>
            <Switch2 type="float array" count="3">
               0,
               100,
               1000000
            </Switch2>
         </MultiLevel>
      </doorA_lod1021120123624.3db>
      <doorB_lod1021120123624.3db>
         <VMeshWire include="miningbase_mineablea_cmp\doorB_lod1.vwd.xml"/>
         <MultiLevel>
            <Level0>
               <VMeshPart>
                  <VMeshRef type="VMeshRef">
                     <!-- header size  --> 60,
                     <!-- vmesh lib    --> data.solar.dockable.miningbase_mineablea.lod0-112.vms,
                     <!-- start vert   --> 288,
                     <!-- num verts    --> 144,
                     <!-- start index  --> 444,
                     <!-- num indices  --> 192,
                     <!-- start mesh   --> 2,
                     <!-- num meshes   --> 1,
                     <!-- bounding box -->  23.714808,     35.557476, 1.4123642,
                                           -23.714811,    -11.854729, 0.35150748,
                     <!-- center       -->  -3.570219e-6,  11.851374, 0.88193381,
                     <!-- radius       --> 23.720625
                  </VMeshRef>
               </VMeshPart>
            </Level0>
            <Level1>
               <VMeshPart>
                  <VMeshRef type="VMeshRef">
                     <!-- header size  --> 60,
                     <!-- vmesh lib    --> data.solar.dockable.miningbase_mineablea.lod1-112.vms,
                     <!-- start vert   --> 102,
                     <!-- num verts    --> 48,
                     <!-- start index  --> 204,
                     <!-- num indices  --> 96,
                     <!-- start mesh   --> 2,
                     <!-- num meshes   --> 1,
                     <!-- bounding box -->  23.714808,     35.557476, 1.4123642,
                                           -23.714811,    -11.854729, 0.35150748,
                     <!-- center       -->  -3.570219e-6,  11.851374, 0.88193381,
                     <!-- radius       --> 23.720625
                  </VMeshRef>
               </VMeshPart>
            </Level1>
            <Switch2 type="float array" count="3">
               0,
               100,
               1000000
            </Switch2>
         </MultiLevel>
      </doorB_lod1021120123624.3db>
      <Exporter_Version name="Exporter Version" type="text">Nov  5 2002 11:41:55</Exporter_Version>
      <miningbase_mineableA_lod1021120123624.3db>
         <Hardpoints>
            <Fixed>
               <HpDockCamA>
                  <Orientation type="Matrix">
                       0.5788669000,  -0.2615748900,  -0.7723287300,
                       0.2710723000,   0.9550148200,  -0.1202766500,
                       0.7690467200,  -0.1397327500,   0.6237322100
                  </Orientation>
                  <Position type="Vector">-147.2505, -58.275105, 63.67767</Position>
               </HpDockCamA>
               <HpDockCamB>
                  <Orientation type="Matrix">
                       0.4478141100,   0.6673800300,   0.5950348400,
                      -0.4524218400,   0.7431408800,  -0.4930072400,
                      -0.7712178800,  -0.0484311620,   0.6347262900
                  </Orientation>
                  <Position type="Vector">136.96431, -76.459953, 63.887611</Position>
               </HpDockCamB>
               <HpDockMountA>
                  <Orientation type="Matrix">
                      -0.0212424960,  -0.3063064800,  -0.9516959200,
                       0.0644753280,   0.9495094400,  -0.3070419100,
                       0.9976931800,  -0.0678832460, -420.73923e-06
                  </Orientation>
                  <Position type="Vector">-29.879169, -37.653252, 7.4750829</Position>
               </HpDockMountA>
               <HpDockMountB>
                  <Orientation type="Matrix">
                       0.2349920400,   0.6404359300,   0.7311774500,
                      -0.0318711290,   0.7569146800,  -0.6527360700,
                      -0.9714746500,   0.1300843400,   0.1982803300
                  </Orientation>
                  <Position type="Vector">46.948925, -12.282399, -1.6969154</Position>
               </HpDockMountB>
               <HpDockMountC>
                  <Orientation type="Matrix">
                      -0.0041206279,  -0.0022052822,  -0.9999890900,
                       0.0267350900,   0.9996398700,  -0.0023146789,
                       0.9996340900,  -0.0267443340,  -0.0040601855
                  </Orientation>
                  <Position type="Vector">-125.23299, 3.9472258, 7.4224067</Position>
               </HpDockMountC>
               <HpDockMountD>
                  <Orientation type="Matrix">
                       0.7097617400,  -0.0173518140,   0.7042280400,
                       0.0267353190,   0.9996398700,  -0.0023147950,
                      -0.7039342500,   0.0204707160,   0.7099700600
                  </Orientation>
                  <Position type="Vector">83.011139, 7.6779275, 166.17676</Position>
               </HpDockMountD>
               <HpDockPointA01>
                  <Orientation type="Matrix">
                      -0.0212424960,  -0.3063064800,  -0.9516959200,
                       0.0644753280,   0.9495094400,  -0.3070419100,
                       0.9976931800,  -0.0678832460, -420.73923e-06
                  </Orientation>
                  <Position type="Vector">-85.109787, -55.564377, 7.4566226</Position>
               </HpDockPointA01>
               <HpDockPointA02>
                  <Orientation type="Matrix">
                      -0.0212424960,  -0.3063064800,  -0.9516959200,
                       0.0644753280,   0.9495094400,  -0.3070419100,
                       0.9976931800,  -0.0678832460, -420.73923e-06
                  </Orientation>
                  <Position type="Vector">-116.50211, -65.926369, 7.4578695</Position>
               </HpDockPointA02>
               <HpDockPointB01>
                  <Orientation type="Matrix">
                       0.2349920400,   0.6404359300,   0.7311774500,
                      -0.0318711290,   0.7569146800,  -0.6527360700,
                      -0.9714746500,   0.1300843400,   0.1982803300
                  </Orientation>
                  <Position type="Vector">89.609764, -49.936989, 9.8577271</Position>
               </HpDockPointB01>
               <HpDockPointB02>
                  <Orientation type="Matrix">
                       0.2349920400,   0.6404359300,   0.7311774500,
                      -0.0318711290,   0.7569146800,  -0.6527360700,
                      -0.9714746500,   0.1300843400,   0.1982803300
                  </Orientation>
                  <Position type="Vector">113.78063, -71.514809, 16.412374</Position>
               </HpDockPointB02>
               <HpDockPointC01>
                  <Orientation type="Matrix">
                      -0.0041206279,  -0.0022052822,  -0.9999890900,
                       0.0267350900,   0.9996398700,  -0.0023146789,
                       0.9996340900,  -0.0267443340,  -0.0040601855
                  </Orientation>
                  <Position type="Vector">-374.64124, 3.3699133, 6.4097447</Position>
               </HpDockPointC01>
               <HpDockPointC02>
                  <Orientation type="Matrix">
                      -0.0041206279,  -0.0022052822,  -0.9999890900,
                       0.0267350900,   0.9996398700,  -0.0023146789,
                       0.9996340900,  -0.0267443340,  -0.0040601855
                  </Orientation>
                  <Position type="Vector">-424.72803, 3.2539752, 6.2063785</Position>
               </HpDockPointC02>
               <HpDockPointD01>
                  <Orientation type="Matrix">
                       0.7097617400,  -0.0173518140,   0.7042280400,
                       0.0267353190,   0.9996398700,  -0.0023147950,
                      -0.7039342500,   0.0204707160,   0.7099700600
                  </Orientation>
                  <Position type="Vector">303.1218, 6.9544263, 388.08215</Position>
               </HpDockPointD01>
               <HpDockPointD02>
                  <Orientation type="Matrix">
                       0.7097617400,  -0.0173518140,   0.7042280400,
                       0.0267353190,   0.9996398700,  -0.0023147950,
                      -0.7039342500,   0.0204707160,   0.7099700600
                  </Orientation>
                  <Position type="Vector">338.39471, 6.8384876, 423.64264</Position>
               </HpDockPointD02>
               <HpLaunchCamA>
                  <Orientation type="Matrix">
                       0.0488816350,  -0.3925917100,   0.9184129200,
                      -0.0660494710,   0.9162288900,   0.3951735200,
                      -0.9966183300,  -0.0799774160,   0.0188562890
                  </Orientation>
                  <Position type="Vector">-7.4731441, -14.643767, 7.5415854</Position>
               </HpLaunchCamA>
               <HpLaunchCamB>
                  <Orientation type="Matrix">
                      -0.2240236700,   0.8492367300,  -0.4781322500,
                       0.0139859750,   0.4933523800,   0.8697170600,
                       0.9744833700,   0.1881500600,  -0.1224000000
                  </Orientation>
                  <Position type="Vector">36.551857, 19.134068, -3.0981452</Position>
               </HpLaunchCamB>
               <HpRunningLight01>
                  <Orientation type="Matrix">
                       0.2167355000,  -0.9368695000,   0.2744107200,
                      -0.7399652600,  -0.3410074100,  -0.5797976900,
                       0.6367708400,  -0.0773916620,  -0.7671592800
                  </Orientation>
                  <Position type="Vector">-81.891602, -11.321587, -16.974258</Position>
               </HpRunningLight01>
               <HpRunningLight02>
                  <Orientation type="Matrix">
                       0.2003866700,  -0.9496741900,  -0.2407574400,
                      -0.8302462100,  -0.2950715400,   0.4728890100,
                      -0.5201311700,   0.1051273000,  -0.8475917600
                  </Orientation>
                  <Position type="Vector">-82.659988, -10.747825, 27.412804</Position>
               </HpRunningLight02>
               <HpRunningLight03>
                  <Orientation type="Matrix">
                      -0.3402986200,  -0.9396309900,  -0.0359225160,
                       0.7366818200,  -0.2901504300,   0.6108294700,
                      -0.5843772900,   0.1814009500,   0.7909468400
                  </Orientation>
                  <Position type="Vector">-62.737801, -61.568733, 29.466917</Position>
               </HpRunningLight03>
               <HpRunningLight04>
                  <Orientation type="Matrix">
                      -0.2960744800,  -0.9500731800,   0.0984928380,
                       0.8480050600,  -0.3089117400,  -0.4306517500,
                       0.4395762700,  -0.0439825690,   0.8971277500
                  </Orientation>
                  <Position type="Vector">-59.101639, -62.389824, -19.525087</Position>
               </HpRunningLight04>
               <HpRunningLight05>
                  <Orientation type="Matrix">
                      -0.0680653970,  -0.9500731200,   0.3045130400,
                       0.0676143690,  -0.3089119200,  -0.9486842200,
                       0.9953870800,  -0.0439831130,   0.0852648090
                  </Orientation>
                  <Position type="Vector">-111.68597, 30.287008, 1.0160952</Position>
               </HpRunningLight05>
               <HpRunningLight06>
                  <Orientation type="Matrix">
                       0.0041207336,  -0.0022053341,   0.9999890900,
                      -0.0267350540,   0.9996398700,   0.0023147333,
                      -0.9996340900,  -0.0267442990,   0.0040602898
                  </Orientation>
                  <Position type="Vector">-172.0594, 67.209923, 17.175695</Position>
               </HpRunningLight06>
               <HpRunningLight07>
                  <Orientation type="Matrix">
                      -0.9996638300,  -0.0256940870,   0.0034648995,
                      -0.0257894470,   0.9991845500,  -0.0310668540,
                      -0.0026638396,  -0.0311457680,  -0.9995113000
                  </Orientation>
                  <Position type="Vector">-34.354767, 64.828651, -180.12148</Position>
               </HpRunningLight07>
               <HpRunningLight08>
                  <Orientation type="Matrix">
                       0.6875390400,   0.7206703400,  -0.0890187920,
                       0.6257491700,  -0.6502066300,  -0.4308936600,
                      -0.3684128800,   0.2405527800,  -0.8980013100
                  </Orientation>
                  <Position type="Vector">56.376335, -45.852222, 29.035374</Position>
               </HpRunningLight08>
               <HpRunningLight09>
                  <Orientation type="Matrix">
                      -0.4398334900,   0.8646017900,   0.2429202800,
                      -0.7612032300,  -0.5024370000,   0.4100326000,
                       0.4765670600,  -0.0045656310,   0.8791262500
                  </Orientation>
                  <Position type="Vector">107.55312, -5.1800456, -12.231731</Position>
               </HpRunningLight09>
               <HpRunningLight11>
                  <Orientation type="Matrix">
                       0.4875842900,   0.7617580300,   0.4265984900,
                       0.5913004900,  -0.6476137000,   0.4805832500,
                       0.6423592000,   0.0179230500,  -0.7661941600
                  </Orientation>
                  <Position type="Vector">66.836288, -50.340809, -15.396969</Position>
               </HpRunningLight11>
               <HpRunningLight12>
                  <Orientation type="Matrix">
                      -0.2427156700,   0.7747139900,  -0.5838727400,
                      -0.7536650900,  -0.5295414300,  -0.3893260100,
                      -0.6108011000,   0.3455490200,   0.7124028800
                  </Orientation>
                  <Position type="Vector">95.892197, -1.3751974, 32.761692</Position>
               </HpRunningLight12>
               <HpRunningLight13>
                  <Orientation type="Matrix">
                       0.9999706700,   0.0035299098,   0.0067996904,
                      -0.0035823027,   0.9999638800,   0.0077084708,
                      -0.0067722346,  -0.0077326028,   0.9999471900
                  </Orientation>
                  <Position type="Vector">-5.0896111, 91.728539, -2.825525</Position>
               </HpRunningLight13>
               <HpRunningLight14>
                  <Orientation type="Matrix">
                       0.9999706700,   0.0035299098,   0.0067996904,
                      -0.0035823027,   0.9999638800,   0.0077084708,
                      -0.0067722346,  -0.0077326028,   0.9999471900
                  </Orientation>
                  <Position type="Vector">171.81302, 60.285439, -39.988174</Position>
               </HpRunningLight14>
               <HpTurret_S2_01>
                  <Orientation type="Matrix">
                       0.1785458500,   0.7200288200,  -0.6705817600,
                      -0.0779468420,  -0.6690402600,  -0.7391274600,
                      -0.9808392500,   0.1842378700,  -0.0633303970
                  </Orientation>
                  <Position type="Vector">121.07839, 13.205725, 6.4936066</Position>
               </HpTurret_S2_01>
               <HpTurret_S2_02>
                  <Orientation type="Matrix">
                       0.0368893260,  -0.2521157900,   0.9669936900,
                       0.0093804365,   0.9676970200,   0.2519413200,
                      -0.9992753300, -223.12267e-06,   0.0380626470
                  </Orientation>
                  <Position type="Vector">-140.11693, 77.756874, -3.2763619</Position>
               </HpTurret_S2_02>
               <HpTurret_S2_03>
                  <Orientation type="Matrix">
                      -0.3195256900,   0.2987325200,  -0.8992564700,
                       0.1022656900,   0.9543341400,   0.2806920400,
                       0.9420430100,  -0.0022747684,  -0.3354843900
                  </Orientation>
                  <Position type="Vector">157.12141, 70.117386, 14.786498</Position>
               </HpTurret_S2_03>
               <HpTurret_S2_04>
                  <Orientation type="Matrix">
                      -0.0027953647,  -0.1104561400,   0.9938770500,
                      -0.0711427850,  -0.9913406400,  -0.1103743300,
                       0.9974622100,  -0.0710157160,  -0.0050869985
                  </Orientation>
                  <Position type="Vector">-23.657976, -90.849014, 5.4520521</Position>
               </HpTurret_S2_04>
               <Hp_module01>
                  <Orientation type="Matrix">
                      -0.5474317100,   0.0011539161,   0.8368495700,
                      -0.7939301100,  -0.3168568000,  -0.5189187500,
                       0.2645627000,  -0.9484726800,   0.1743735800
                  </Orientation>
                  <Position type="Vector">-0.74734956, -6.9245682, -84.37532</Position>
               </Hp_module01>
               <Hp_module02>
                  <Orientation type="Matrix">
                       0.6010536000,  -0.0050390959,   0.7991928500,
                      -0.1532068400,   0.9807080000,   0.1214067900,
                      -0.7843865200,  -0.1954138000,   0.5886860500
                  </Orientation>
                  <Position type="Vector">10.495474, 86.762413, -75.087288</Position>
               </Hp_module02>
               <Hp_module03>
                  <Orientation type="Matrix">
                      -0.0979785770,   0.2593634400,  -0.9607969500,
                      -0.9403842700,  -0.3400892300,   0.0040911883,
                      -0.3256956000,   0.9039192200,   0.2772227500
                  </Orientation>
                  <Position type="Vector">55.30978, 21.355879, 74.867195</Position>
               </Hp_module03>
            </Fixed>
         </Hardpoints>
         <VMeshWire include="miningbase_mineablea_cmp\miningbase_mineableA_lod1.vwd.xml"/>
         <MultiLevel>
            <Level0>
               <VMeshPart>
                  <VMeshRef type="VMeshRef">
                     <!-- header size  --> 60,
                     <!-- vmesh lib    --> data.solar.dockable.miningbase_mineablea.lod0-212.vms,
                     <!-- start vert   --> 577,
                     <!-- num verts    --> 441,
                     <!-- start index  --> 771,
                     <!-- num indices  --> 1146,
                     <!-- start mesh   --> 6,
                     <!-- num meshes   --> 1,
                     <!-- bounding box -->  191.2402,     93.264038,   180.61397,
                                           -171.28831,   -93.264038,  -180.61394,
                     <!-- center       -->    2.8617418,   5.8784003,   -0.56717294,
                     <!-- radius       --> 200.2494
                  </VMeshRef>
               </VMeshPart>
            </Level0>
            <Level1>
               <VMeshPart>
                  <VMeshRef type="VMeshRef">
                     <!-- header size  --> 60,
                     <!-- vmesh lib    --> data.solar.dockable.miningbase_mineablea.lod1-212.vms,
                     <!-- start vert   --> 132,
                     <!-- num verts    --> 700,
                     <!-- start index  --> 210,
                     <!-- num indices  --> 1140,
                     <!-- start mesh   --> 2,
                     <!-- num meshes   --> 1,
                     <!-- bounding box -->  191.2402,     93.264038,   180.61397,
                                           -171.28831,   -93.264038,  -180.61394,
                     <!-- center       -->    2.8617418,   5.8784003,   -0.56717294,
                     <!-- radius       --> 200.2494
                  </VMeshRef>
               </VMeshPart>
            </Level1>
            <Switch2 type="float array" count="3">
               0,
               100,
               1000000
            </Switch2>
         </MultiLevel>
      </miningbase_mineableA_lod1021120123624.3db>
   </UTF_ROOT>
</UTFXML>
