<?xml version="1.0" encoding="ISO-8859-1"?>
<!-- XML generated by UTFXML Version 2.2 built 19-Aug-2010 -->
<UTFXML filename="space_research.3db" path="SOLAR\MISC">
   <UTF_ROOT>
      <VMeshLibrary>
         <data.solar.misc.space_research.lod0-112.vms include="space_research_3db\lod0-112.vms.xml"/>
         <data.solar.misc.space_research.lod1-112.vms include="space_research_3db\lod1-112.vms.xml"/>
      </VMeshLibrary>
      <Exporter_Version name="Exporter Version" type="text">MAXLancer Tools 0.97</Exporter_Version>
      <MultiLevel>
         <Switch2 type="float array" count="3">
            0,
            100,
            1000000
         </Switch2>
         <Level0>
            <VMeshPart>
               <VMeshRef type="VMeshRef">
                  <!-- header size  --> 60,
                  <!-- vmesh lib    --> data.solar.misc.space_research.lod0-112.vms,
                  <!-- start vert   --> 0,
                  <!-- num verts    --> 710,
                  <!-- start index  --> 0,
                  <!-- num indices  --> 1668,
                  <!-- start mesh   --> 0,
                  <!-- num meshes   --> 6,
                  <!-- bounding box -->  66.811768,     67.050987,  1928.2356,
                                        -66.837219,    -66.606171,  -124.01635,
                  <!-- center       -->  -0.013300263,   0.2218492,  902.11011,
                  <!-- radius       --> 1026.1951
               </VMeshRef>
            </VMeshPart>
         </Level0>
         <Level1>
            <VMeshPart>
               <VMeshRef type="VMeshRef">
                  <!-- header size  --> 60,
                  <!-- vmesh lib    --> data.solar.misc.space_research.lod1-112.vms,
                  <!-- start vert   --> 0,
                  <!-- num verts    --> 428,
                  <!-- start index  --> 0,
                  <!-- num indices  --> 714,
                  <!-- start mesh   --> 0,
                  <!-- num meshes   --> 5,
                  <!-- bounding box -->  66.811707,     67.050987,  1928.1565,
                                        -66.837219,    -66.606102,  -123.98186,
                  <!-- center       -->  -0.013300263,   0.2218492,  902.11011,
                  <!-- radius       --> 1026.1603
               </VMeshRef>
            </VMeshPart>
         </Level1>
      </MultiLevel>
      <VMeshWire include="space_research_3db\space_research.vwd.xml"/>
      <Hardpoints>
         <Fixed>
            <HpConnect01>
               <Position type="Vector">-0.010482788, 2.9414132e-6, -123.98031</Position>
               <Orientation type="Matrix">
                   -1.0000000000, -150.99580e-09,  24.600339e-15,
                    0.0000000000, -162.92068e-09,  -1.0000000000,
                   150.99580e-09,  -1.0000000000,  162.92068e-09
               </Orientation>
            </HpConnect01>
            <HpConnect02>
               <Position type="Vector">-0.010452271, -144.53643e-6, 1928.2645</Position>
               <Orientation type="Matrix">
                   -1.0000000000,  150.99580e-09,  24.600339e-15,
                   -0.0000000000, -162.92068e-09,   1.0000000000,
                   150.99580e-09,   1.0000000000,  162.92068e-09
               </Orientation>
            </HpConnect02>
            <HpConnect03>
               <Position type="Vector">-0.043289185, 67.043671, 0.080655999</Position>
               <Orientation type="Matrix">
                   -1.0000000000, -28.451410e-15, -150.99580e-09,
                    0.0000000000,   1.0000000000, -188.42516e-09,
                   150.99580e-09, -188.42516e-09,  -1.0000000000
               </Orientation>
            </HpConnect03>
            <HpConnect04>
               <Position type="Vector">-0.043289185, -66.64888, 0.08067701</Position>
               <Orientation type="Matrix">
                    1.0000000000, -123.24124e-09, -73.022633e-09,
                  -123.24125e-09,  -1.0000000000, -150.99580e-09,
                  -73.022612e-09,  150.99582e-09,  -1.0000000000
               </Orientation>
            </HpConnect04>
            <HpConnect05>
               <Position type="Vector">66.802994, 0.1973877, 0.080683917</Position>
               <Orientation type="Matrix">
                   61.121789e-15,   1.0000000000,  389.41437e-09,
                    1.0000000000,  61.121789e-15, -313.91647e-09,
                  -313.91647e-09,  389.41437e-09,  -1.0000000000
               </Orientation>
            </HpConnect05>
            <HpConnect06>
               <Position type="Vector">-66.889572, 0.19740295, 0.080649108</Position>
               <Orientation type="Matrix">
                  -3.3001181e-15,  -1.0000000000, -206.63208e-09,
                   -1.0000000000, -12.300169e-15,  75.497901e-09,
                  -75.497901e-09,  206.63208e-09,  -1.0000000000
               </Orientation>
            </HpConnect06>
            <HpConnect07>
               <Position type="Vector">-0.010437012, 21.541111, 900.08441</Position>
               <Orientation type="Matrix">
                   -1.0000000000,  25.971657e-09,  150.99580e-09,
                  -25.971634e-09,  -1.0000000000,  150.99580e-09,
                   150.99580e-09,  150.99580e-09,   1.0000000000
               </Orientation>
            </HpConnect07>
            <HpConnect08>
               <Position type="Vector">21.376205, 0.030862987, 900.08441</Position>
               <Orientation type="Matrix">
                  -162.92068e-09,  -1.0000000000,  46.083478e-09,
                    1.0000000000, -162.92068e-09,  3.7539759e-15,
                   3.7539759e-15,  46.083478e-09,   1.0000000000
               </Orientation>
            </HpConnect08>
            <HpRunningLight01>
               <Position type="Vector">-0.44100952, 56.315838, -76.182404</Position>
               <Orientation type="Matrix">
                   -1.0000000000, -150.99587e-09,  236.43521e-09,
                  -236.43526e-09,  313.91647e-09,  -1.0000000000,
                   150.99580e-09,  -1.0000000000, -313.91650e-09
               </Orientation>
            </HpRunningLight01>
            <HpRunningLight02>
               <Position type="Vector">55.945801, -0.071007013, -76.182396</Position>
               <Orientation type="Matrix">
                   221.97243e-09,  29.802322e-09,  -1.0000000000,
                    1.0000000000,  221.97250e-09,  221.97243e-09,
                   221.97251e-09,  -1.0000000000, -29.802322e-09
               </Orientation>
            </HpRunningLight02>
            <HpRunningLight03>
               <Position type="Vector">-0.44100952, -56.457829, -76.182396</Position>
               <Orientation type="Matrix">
                    1.0000000000,  476.83716e-09, -149.68704e-15,
                    0.0000000000,  313.91647e-09,   1.0000000000,
                   476.83716e-09,  -1.0000000000,  313.91647e-09
               </Orientation>
            </HpRunningLight03>
            <HpRunningLight04>
               <Position type="Vector">-56.827866, -0.071007013, -76.182396</Position>
               <Orientation type="Matrix">
                   137.67874e-09, -29.802322e-09,   1.0000000000,
                   -1.0000000000,  137.67880e-09,  137.67874e-09,
                  -137.67880e-09,  -1.0000000000, -29.802322e-09
               </Orientation>
            </HpRunningLight04>
            <HpRunningLight05>
               <Position type="Vector">55.945801, -0.071123689, 1883.4191</Position>
               <Orientation type="Matrix">
                   221.97243e-09,  29.802322e-09,  -1.0000000000,
                    1.0000000000,  221.97250e-09,  221.97243e-09,
                   221.97251e-09,  -1.0000000000, -29.802322e-09
               </Orientation>
            </HpRunningLight05>
            <HpRunningLight06>
               <Position type="Vector">-0.44100952, 56.315723, 1883.4191</Position>
               <Orientation type="Matrix">
                   -1.0000000000, -150.99587e-09,  236.43521e-09,
                  -236.43526e-09,  313.91647e-09,  -1.0000000000,
                   150.99580e-09,  -1.0000000000, -313.91650e-09
               </Orientation>
            </HpRunningLight06>
            <HpRunningLight07>
               <Position type="Vector">-56.827866, -0.071123689, 1883.4191</Position>
               <Orientation type="Matrix">
                   137.67874e-09, -29.802322e-09,   1.0000000000,
                   -1.0000000000,  137.67880e-09,  137.67874e-09,
                  -137.67880e-09,  -1.0000000000, -29.802322e-09
               </Orientation>
            </HpRunningLight07>
            <HpRunningLight08>
               <Position type="Vector">-0.44100952, -56.457947, 1883.4191</Position>
               <Orientation type="Matrix">
                    1.0000000000,  476.83716e-09, -149.68704e-15,
                    0.0000000000,  313.91647e-09,   1.0000000000,
                   476.83716e-09,  -1.0000000000,  313.91647e-09
               </Orientation>
            </HpRunningLight08>
            <HpShipyard01>
               <Position type="Vector">-0.010452271, 727.56763, 921.58679</Position>
               <Orientation type="Matrix">
                    0.7071067100,  137.67878e-09,   0.7071068300,
                   -0.7071068300,  221.97244e-09,   0.7071067100,
                  -59.604641e-09,  -1.0000000000,  254.31183e-09
               </Orientation>
            </HpShipyard01>
            <HpShipyard02>
               <Position type="Vector">-0.010467529, 1432.092, 921.58667</Position>
               <Orientation type="Matrix">
                    0.7071067100,  137.67878e-09,   0.7071068300,
                   -0.7071068300,  221.97244e-09,   0.7071067100,
                  -59.604641e-09,  -1.0000000000,  254.31183e-09
               </Orientation>
            </HpShipyard02>
            <HpShipyard03>
               <Position type="Vector">724.39606, 0.030859426, 921.58612</Position>
               <Orientation type="Matrix">
                    0.7071067100, -115.20233e-09,   0.7071068300,
                   -0.7071068300, -115.20231e-09,   0.7071067100,
                   -0.0000000000,  -1.0000000000, -162.92068e-09
               </Orientation>
            </HpShipyard03>
            <HpShipyard04>
               <Position type="Vector">1426.4159, 0.030907381, 921.58618</Position>
               <Orientation type="Matrix">
                    0.7071067100, -115.20233e-09,   0.7071068300,
                   -0.7071068300, -115.20231e-09,   0.7071067100,
                   -0.0000000000,  -1.0000000000, -162.92068e-09
               </Orientation>
            </HpShipyard04>
         </Fixed>
      </Hardpoints>
   </UTF_ROOT>
</UTFXML>
