<?xml version="1.0" encoding="ISO-8859-1"?>
<!-- XML generated by UTFXML Version 2.2 built 19-Aug-2010 -->
<UTFXML filename="starsphere_li05.cmp" path="SOLAR\STARSPHERE">
   <UTF_ROOT>
      <VMeshLibrary>
         <data.solar.starsphere.starsphere_li05.lod0-102.vms include="starsphere_li05_cmp\lod0-102.vms.xml"/>
         <data.solar.starsphere.starsphere_li05.lod0-142.vms include="starsphere_li05_cmp\lod0-142.vms.xml"/>
      </VMeshLibrary>
      <Exporter_Version name="Exporter Version" type="text">Jun 10 2002 16:27:11</Exporter_Version>
      <Cmpnd>
         <Root>
            <Object_name name="Object name" type="text">Root</Object_name>
            <File_name name="File name" type="text">starsphere020702112356.3db</File_name>
            <Index type="int">0</Index>
         </Root>
         <Part_Object28>
            <Object_name name="Object name" type="text">Object28</Object_name>
            <File_name name="File name" type="text">Object28020702112356.3db</File_name>
            <Index type="int">1</Index>
         </Part_Object28>
         <Part_Object09>
            <Object_name name="Object name" type="text">Object09</Object_name>
            <File_name name="File name" type="text">Object09020702112356.3db</File_name>
            <Index type="int">2</Index>
         </Part_Object09>
         <Part_Object31>
            <Object_name name="Object name" type="text">Object31</Object_name>
            <File_name name="File name" type="text">Object31020702112356.3db</File_name>
            <Index type="int">3</Index>
         </Part_Object31>
         <Part_Object02>
            <Object_name name="Object name" type="text">Object02</Object_name>
            <File_name name="File name" type="text">Object02020702112356.3db</File_name>
            <Index type="int">4</Index>
         </Part_Object02>
         <Part_Object25>
            <Object_name name="Object name" type="text">Object25</Object_name>
            <File_name name="File name" type="text">Object25020702112356.3db</File_name>
            <Index type="int">5</Index>
         </Part_Object25>
         <Part_Object07>
            <Object_name name="Object name" type="text">Object07</Object_name>
            <File_name name="File name" type="text">Object07020702112356.3db</File_name>
            <Index type="int">6</Index>
         </Part_Object07>
         <Part_Object08>
            <Object_name name="Object name" type="text">Object08</Object_name>
            <File_name name="File name" type="text">Object08020702112356.3db</File_name>
            <Index type="int">7</Index>
         </Part_Object08>
         <Part_Object01>
            <Object_name name="Object name" type="text">Object01</Object_name>
            <File_name name="File name" type="text">Object01020702112356.3db</File_name>
            <Index type="int">8</Index>
         </Part_Object01>
         <Part_Object21>
            <Object_name name="Object name" type="text">Object21</Object_name>
            <File_name name="File name" type="text">Object21020702112356.3db</File_name>
            <Index type="int">9</Index>
         </Part_Object21>
         <Part_Object10>
            <Object_name name="Object name" type="text">Object10</Object_name>
            <File_name name="File name" type="text">Object10020702112356.3db</File_name>
            <Index type="int">10</Index>
         </Part_Object10>
         <Part_Object18>
            <Object_name name="Object name" type="text">Object18</Object_name>
            <File_name name="File name" type="text">Object18020702112356.3db</File_name>
            <Index type="int">11</Index>
         </Part_Object18>
         <Part_Object16>
            <Object_name name="Object name" type="text">Object16</Object_name>
            <File_name name="File name" type="text">Object16020702112356.3db</File_name>
            <Index type="int">12</Index>
         </Part_Object16>
         <Part_Object24>
            <Object_name name="Object name" type="text">Object24</Object_name>
            <File_name name="File name" type="text">Object24020702112356.3db</File_name>
            <Index type="int">13</Index>
         </Part_Object24>
         <Part_Object15>
            <Object_name name="Object name" type="text">Object15</Object_name>
            <File_name name="File name" type="text">Object15020702112356.3db</File_name>
            <Index type="int">14</Index>
         </Part_Object15>
         <Part_Object17>
            <Object_name name="Object name" type="text">Object17</Object_name>
            <File_name name="File name" type="text">Object17020702112356.3db</File_name>
            <Index type="int">15</Index>
         </Part_Object17>
         <Part_Object19>
            <Object_name name="Object name" type="text">Object19</Object_name>
            <File_name name="File name" type="text">Object19020702112356.3db</File_name>
            <Index type="int">16</Index>
         </Part_Object19>
         <Part_Object04>
            <Object_name name="Object name" type="text">Object04</Object_name>
            <File_name name="File name" type="text">Object04020702112356.3db</File_name>
            <Index type="int">17</Index>
         </Part_Object04>
         <Part_Object03>
            <Object_name name="Object name" type="text">Object03</Object_name>
            <File_name name="File name" type="text">Object03020702112356.3db</File_name>
            <Index type="int">18</Index>
         </Part_Object03>
         <Part_Object30>
            <Object_name name="Object name" type="text">Object30</Object_name>
            <File_name name="File name" type="text">Object30020702112356.3db</File_name>
            <Index type="int">19</Index>
         </Part_Object30>
         <Part_Object27>
            <Object_name name="Object name" type="text">Object27</Object_name>
            <File_name name="File name" type="text">Object27020702112356.3db</File_name>
            <Index type="int">20</Index>
         </Part_Object27>
         <Part_Object05>
            <Object_name name="Object name" type="text">Object05</Object_name>
            <File_name name="File name" type="text">Object05020702112356.3db</File_name>
            <Index type="int">21</Index>
         </Part_Object05>
         <Part_Object06>
            <Object_name name="Object name" type="text">Object06</Object_name>
            <File_name name="File name" type="text">Object06020702112356.3db</File_name>
            <Index type="int">22</Index>
         </Part_Object06>
         <Part_Object26>
            <Object_name name="Object name" type="text">Object26</Object_name>
            <File_name name="File name" type="text">Object26020702112356.3db</File_name>
            <Index type="int">23</Index>
         </Part_Object26>
         <Part_Object22>
            <Object_name name="Object name" type="text">Object22</Object_name>
            <File_name name="File name" type="text">Object22020702112356.3db</File_name>
            <Index type="int">24</Index>
         </Part_Object22>
         <Part_Object11>
            <Object_name name="Object name" type="text">Object11</Object_name>
            <File_name name="File name" type="text">Object11020702112356.3db</File_name>
            <Index type="int">25</Index>
         </Part_Object11>
         <Part_Object13>
            <Object_name name="Object name" type="text">Object13</Object_name>
            <File_name name="File name" type="text">Object13020702112356.3db</File_name>
            <Index type="int">26</Index>
         </Part_Object13>
         <Part_Object12>
            <Object_name name="Object name" type="text">Object12</Object_name>
            <File_name name="File name" type="text">Object12020702112356.3db</File_name>
            <Index type="int">27</Index>
         </Part_Object12>
         <Part_Object20>
            <Object_name name="Object name" type="text">Object20</Object_name>
            <File_name name="File name" type="text">Object20020702112356.3db</File_name>
            <Index type="int">28</Index>
         </Part_Object20>
         <Part_Object23>
            <Object_name name="Object name" type="text">Object23</Object_name>
            <File_name name="File name" type="text">Object23020702112356.3db</File_name>
            <Index type="int">29</Index>
         </Part_Object23>
         <Part_Object14>
            <Object_name name="Object name" type="text">Object14</Object_name>
            <File_name name="File name" type="text">Object14020702112356.3db</File_name>
            <Index type="int">30</Index>
         </Part_Object14>
         <Part_galactic_ring>
            <Object_name name="Object name" type="text">galactic_ring</Object_name>
            <File_name name="File name" type="text">galactic_ring020702112356.3db</File_name>
            <Index type="int">31</Index>
         </Part_galactic_ring>
         <Part_neb_walker>
            <Object_name name="Object name" type="text">neb_walker</Object_name>
            <File_name name="File name" type="text">neb_walker020702112356.3db</File_name>
            <Index type="int">32</Index>
         </Part_neb_walker>
         <Part_cloudcaps>
            <Object_name name="Object name" type="text">cloudcaps</Object_name>
            <File_name name="File name" type="text">cloudcaps020702112356.3db</File_name>
            <Index type="int">33</Index>
         </Part_cloudcaps>
         <Part_aurora>
            <Object_name name="Object name" type="text">aurora</Object_name>
            <File_name name="File name" type="text">aurora020702112356.3db</File_name>
            <Index type="int">34</Index>
         </Part_aurora>
         <Part_crow>
            <Object_name name="Object name" type="text">crow</Object_name>
            <File_name name="File name" type="text">crow020702112356.3db</File_name>
            <Index type="int">35</Index>
         </Part_crow>
         <Part_edge>
            <Object_name name="Object name" type="text">edge</Object_name>
            <File_name name="File name" type="text">edge020702112356.3db</File_name>
            <Index type="int">36</Index>
         </Part_edge>
         <Part_clouds>
            <Object_name name="Object name" type="text">clouds</Object_name>
            <File_name name="File name" type="text">clouds020702112356.3db</File_name>
            <Index type="int">37</Index>
         </Part_clouds>
         <Cons>
            <Fix type="Fix" count="37">
               <part>
                  <!-- parent      --> "Root",
                  <!-- child       --> "Object28",
                  <!-- position    --> 1.5309081, -17.428388e-9, 0.29239979,
                  <!-- orientation -->  -0.7071067700, -541.81055e-09,   0.7071068300,
                                       -202.32503e-09,   1.0000000000,  563.91076e-09,
                                        -0.7071068300,  255.67971e-09,  -0.7071067700
               </part>
               <part>
                  <!-- parent      --> "Root",
                  <!-- child       --> "Object09",
                  <!-- position    --> 1.5309081, -17.428388e-9, 0.29239979,
                  <!-- orientation -->  -0.7071067700, -541.81055e-09,   0.7071068300,
                                       -202.32503e-09,   1.0000000000,  563.91076e-09,
                                        -0.7071068300,  255.67971e-09,  -0.7071067700
               </part>
               <part>
                  <!-- parent      --> "Root",
                  <!-- child       --> "Object31",
                  <!-- position    --> 1.5309081, -17.428388e-9, 0.29239979,
                  <!-- orientation -->  -0.7071067700, -541.81055e-09,   0.7071068300,
                                       -202.32503e-09,   1.0000000000,  563.91076e-09,
                                        -0.7071068300,  255.67971e-09,  -0.7071067700
               </part>
               <part>
                  <!-- parent      --> "Root",
                  <!-- child       --> "Object02",
                  <!-- position    --> 1.5309081, -17.428388e-9, 0.29239979,
                  <!-- orientation -->  -0.7071067700, -541.81055e-09,   0.7071068300,
                                       -202.32503e-09,   1.0000000000,  563.91076e-09,
                                        -0.7071068300,  255.67971e-09,  -0.7071067700
               </part>
               <part>
                  <!-- parent      --> "Root",
                  <!-- child       --> "Object25",
                  <!-- position    --> 1.5309081, -17.428388e-9, 0.29239979,
                  <!-- orientation -->  -0.7071067700, -541.81055e-09,   0.7071068300,
                                       -202.32503e-09,   1.0000000000,  563.91076e-09,
                                        -0.7071068300,  255.67971e-09,  -0.7071067700
               </part>
               <part>
                  <!-- parent      --> "Root",
                  <!-- child       --> "Object07",
                  <!-- position    --> 1.5309081, -17.428388e-9, 0.29239979,
                  <!-- orientation -->  -0.7071067700, -541.81055e-09,   0.7071068300,
                                       -202.32503e-09,   1.0000000000,  563.91076e-09,
                                        -0.7071068300,  255.67971e-09,  -0.7071067700
               </part>
               <part>
                  <!-- parent      --> "Root",
                  <!-- child       --> "Object08",
                  <!-- position    --> 1.5309081, -17.428388e-9, 0.29239979,
                  <!-- orientation -->  -0.7071067700, -541.81055e-09,   0.7071068300,
                                       -202.32503e-09,   1.0000000000,  563.91076e-09,
                                        -0.7071068300,  255.67971e-09,  -0.7071067700
               </part>
               <part>
                  <!-- parent      --> "Root",
                  <!-- child       --> "Object01",
                  <!-- position    --> 1.5309081, -17.428388e-9, 0.29239979,
                  <!-- orientation -->  -0.7071067700, -541.81055e-09,   0.7071068300,
                                       -202.32503e-09,   1.0000000000,  563.91076e-09,
                                        -0.7071068300,  255.67971e-09,  -0.7071067700
               </part>
               <part>
                  <!-- parent      --> "Root",
                  <!-- child       --> "Object21",
                  <!-- position    --> 1.5309081, -17.428388e-9, 0.29239979,
                  <!-- orientation -->  -0.7071067700, -541.81055e-09,   0.7071068300,
                                       -202.32503e-09,   1.0000000000,  563.91076e-09,
                                        -0.7071068300,  255.67971e-09,  -0.7071067700
               </part>
               <part>
                  <!-- parent      --> "Root",
                  <!-- child       --> "Object10",
                  <!-- position    --> 1.5309081, -17.428388e-9, 0.29239979,
                  <!-- orientation -->  -0.7071067700, -541.81055e-09,   0.7071068300,
                                       -202.32503e-09,   1.0000000000,  563.91076e-09,
                                        -0.7071068300,  255.67971e-09,  -0.7071067700
               </part>
               <part>
                  <!-- parent      --> "Root",
                  <!-- child       --> "Object18",
                  <!-- position    --> 1.5309081, -17.428388e-9, 0.29239979,
                  <!-- orientation -->  -0.7071067700, -541.81055e-09,   0.7071068300,
                                       -202.32503e-09,   1.0000000000,  563.91076e-09,
                                        -0.7071068300,  255.67971e-09,  -0.7071067700
               </part>
               <part>
                  <!-- parent      --> "Root",
                  <!-- child       --> "Object16",
                  <!-- position    --> 1.5309081, -17.428388e-9, 0.29239979,
                  <!-- orientation -->  -0.7071067700, -541.81055e-09,   0.7071068300,
                                       -202.32503e-09,   1.0000000000,  563.91076e-09,
                                        -0.7071068300,  255.67971e-09,  -0.7071067700
               </part>
               <part>
                  <!-- parent      --> "Root",
                  <!-- child       --> "Object24",
                  <!-- position    --> 1.5309081, -17.428388e-9, 0.29239979,
                  <!-- orientation -->  -0.7071067700, -541.81055e-09,   0.7071068300,
                                       -202.32503e-09,   1.0000000000,  563.91076e-09,
                                        -0.7071068300,  255.67971e-09,  -0.7071067700
               </part>
               <part>
                  <!-- parent      --> "Root",
                  <!-- child       --> "Object15",
                  <!-- position    --> 1.5309081, -17.428388e-9, 0.29239979,
                  <!-- orientation -->  -0.7071067700, -541.81055e-09,   0.7071068300,
                                       -202.32503e-09,   1.0000000000,  563.91076e-09,
                                        -0.7071068300,  255.67971e-09,  -0.7071067700
               </part>
               <part>
                  <!-- parent      --> "Root",
                  <!-- child       --> "Object17",
                  <!-- position    --> 1.5309081, -17.428388e-9, 0.29239979,
                  <!-- orientation -->  -0.7071067700, -541.81055e-09,   0.7071068300,
                                       -202.32503e-09,   1.0000000000,  563.91076e-09,
                                        -0.7071068300,  255.67971e-09,  -0.7071067700
               </part>
               <part>
                  <!-- parent      --> "Root",
                  <!-- child       --> "Object19",
                  <!-- position    --> 1.5309081, -17.428388e-9, 0.29239979,
                  <!-- orientation -->  -0.7071067700, -541.81055e-09,   0.7071068300,
                                       -202.32503e-09,   1.0000000000,  563.91076e-09,
                                        -0.7071068300,  255.67971e-09,  -0.7071067700
               </part>
               <part>
                  <!-- parent      --> "Root",
                  <!-- child       --> "Object04",
                  <!-- position    --> 1.5309081, -17.428388e-9, 0.29239979,
                  <!-- orientation -->  -0.7071067700, -541.81055e-09,   0.7071068300,
                                       -202.32503e-09,   1.0000000000,  563.91076e-09,
                                        -0.7071068300,  255.67971e-09,  -0.7071067700
               </part>
               <part>
                  <!-- parent      --> "Root",
                  <!-- child       --> "Object03",
                  <!-- position    --> 1.5309081, -17.428388e-9, 0.29239979,
                  <!-- orientation -->  -0.7071067700, -541.81055e-09,   0.7071068300,
                                       -202.32503e-09,   1.0000000000,  563.91076e-09,
                                        -0.7071068300,  255.67971e-09,  -0.7071067700
               </part>
               <part>
                  <!-- parent      --> "Root",
                  <!-- child       --> "Object30",
                  <!-- position    --> 1.5309081, -17.428388e-9, 0.29239979,
                  <!-- orientation -->  -0.7071067700, -541.81055e-09,   0.7071068300,
                                       -202.32503e-09,   1.0000000000,  563.91076e-09,
                                        -0.7071068300,  255.67971e-09,  -0.7071067700
               </part>
               <part>
                  <!-- parent      --> "Root",
                  <!-- child       --> "Object27",
                  <!-- position    --> 1.5309081, -17.428388e-9, 0.29239979,
                  <!-- orientation -->  -0.7071067700, -541.81055e-09,   0.7071068300,
                                       -202.32503e-09,   1.0000000000,  563.91076e-09,
                                        -0.7071068300,  255.67971e-09,  -0.7071067700
               </part>
               <part>
                  <!-- parent      --> "Root",
                  <!-- child       --> "Object05",
                  <!-- position    --> 1.5309081, -17.428388e-9, 0.29239979,
                  <!-- orientation -->  -0.7071067700, -541.81055e-09,   0.7071068300,
                                       -202.32503e-09,   1.0000000000,  563.91076e-09,
                                        -0.7071068300,  255.67971e-09,  -0.7071067700
               </part>
               <part>
                  <!-- parent      --> "Root",
                  <!-- child       --> "Object06",
                  <!-- position    --> 1.5309081, -17.428388e-9, 0.29239979,
                  <!-- orientation -->  -0.7071067700, -541.81055e-09,   0.7071068300,
                                       -202.32503e-09,   1.0000000000,  563.91076e-09,
                                        -0.7071068300,  255.67971e-09,  -0.7071067700
               </part>
               <part>
                  <!-- parent      --> "Root",
                  <!-- child       --> "Object26",
                  <!-- position    --> 1.5309081, -17.428388e-9, 0.29239979,
                  <!-- orientation -->  -0.7071067700, -541.81055e-09,   0.7071068300,
                                       -202.32503e-09,   1.0000000000,  563.91076e-09,
                                        -0.7071068300,  255.67971e-09,  -0.7071067700
               </part>
               <part>
                  <!-- parent      --> "Root",
                  <!-- child       --> "Object22",
                  <!-- position    --> 1.5309081, -17.428388e-9, 0.29239979,
                  <!-- orientation -->  -0.7071067700, -541.81055e-09,   0.7071068300,
                                       -202.32503e-09,   1.0000000000,  563.91076e-09,
                                        -0.7071068300,  255.67971e-09,  -0.7071067700
               </part>
               <part>
                  <!-- parent      --> "Root",
                  <!-- child       --> "Object11",
                  <!-- position    --> 1.5309081, -17.428388e-9, 0.29239979,
                  <!-- orientation -->  -0.7071067700, -541.81055e-09,   0.7071068300,
                                       -202.32503e-09,   1.0000000000,  563.91076e-09,
                                        -0.7071068300,  255.67971e-09,  -0.7071067700
               </part>
               <part>
                  <!-- parent      --> "Root",
                  <!-- child       --> "Object13",
                  <!-- position    --> 1.5309081, -17.428388e-9, 0.29239979,
                  <!-- orientation -->  -0.7071067700, -541.81055e-09,   0.7071068300,
                                       -202.32503e-09,   1.0000000000,  563.91076e-09,
                                        -0.7071068300,  255.67971e-09,  -0.7071067700
               </part>
               <part>
                  <!-- parent      --> "Root",
                  <!-- child       --> "Object12",
                  <!-- position    --> 1.5309081, -17.428388e-9, 0.29239979,
                  <!-- orientation -->  -0.7071067700, -541.81055e-09,   0.7071068300,
                                       -202.32503e-09,   1.0000000000,  563.91076e-09,
                                        -0.7071068300,  255.67971e-09,  -0.7071067700
               </part>
               <part>
                  <!-- parent      --> "Root",
                  <!-- child       --> "Object20",
                  <!-- position    --> 1.5309081, -17.428388e-9, 0.29239979,
                  <!-- orientation -->  -0.7071067700, -541.81055e-09,   0.7071068300,
                                       -202.32503e-09,   1.0000000000,  563.91076e-09,
                                        -0.7071068300,  255.67971e-09,  -0.7071067700
               </part>
               <part>
                  <!-- parent      --> "Root",
                  <!-- child       --> "Object23",
                  <!-- position    --> 1.5309081, -17.428388e-9, 0.29239979,
                  <!-- orientation -->  -0.7071067700, -541.81055e-09,   0.7071068300,
                                       -202.32503e-09,   1.0000000000,  563.91076e-09,
                                        -0.7071068300,  255.67971e-09,  -0.7071067700
               </part>
               <part>
                  <!-- parent      --> "Root",
                  <!-- child       --> "Object14",
                  <!-- position    --> 1.5309081, -17.428388e-9, 0.29239979,
                  <!-- orientation -->  -0.7071067700, -541.81055e-09,   0.7071068300,
                                       -202.32503e-09,   1.0000000000,  563.91076e-09,
                                        -0.7071068300,  255.67971e-09,  -0.7071067700
               </part>
               <part>
                  <!-- parent      --> "Root",
                  <!-- child       --> "galactic_ring",
                  <!-- position    --> 0, -15.332667e-6, 59.604641e-9,
                  <!-- orientation -->   1.0000000000,   0.0000000000,   0.0000000000,
                                         0.0000000000,   1.0000000000,   0.0000000000,
                                         0.0000000000,   0.0000000000,   1.0000000000
               </part>
               <part>
                  <!-- parent      --> "Root",
                  <!-- child       --> "neb_walker",
                  <!-- position    --> 33.489914, -10.451287, 58.214367,
                  <!-- orientation -->   0.9938987500,  -0.1063941000,   0.0290778500,
                                         0.0948063430,   0.9588197500,   0.2677246600,
                                        -0.0563647410,  -0.2633344500,   0.9630565600
               </part>
               <part>
                  <!-- parent      --> "Root",
                  <!-- child       --> "cloudcaps",
                  <!-- position    --> -2.9216862, -0.13971326, -1.9776933,
                  <!-- orientation -->   1.0000000000,  51.385530e-09,  42.288736e-09,
                                       -51.385545e-09,   1.0000000000,  312.49968e-09,
                                       -42.288718e-09, -312.49968e-09,   1.0000000000
               </part>
               <part>
                  <!-- parent      --> "Root",
                  <!-- child       --> "aurora",
                  <!-- position    --> 0, -15.258787e-6, 3.3074909e-6,
                  <!-- orientation -->   0.6946583400,  42.875197e-09,  -0.7193398500,
                                       -42.873708e-09,   1.0000000000,  18.200877e-09,
                                         0.7193398500,  18.197376e-09,   0.6946583400
               </part>
               <part>
                  <!-- parent      --> "Root",
                  <!-- child       --> "crow",
                  <!-- position    --> 7.6745806, 12.166152, -42.591366,
                  <!-- orientation -->   0.9989706900,  600.84959e-12,   0.0453606470,
                                       -604.04287e-12,   1.0000000000,  56.690659e-12,
                                        -0.0453606470, -84.032080e-12,   0.9989706900
               </part>
               <part>
                  <!-- parent      --> "Root",
                  <!-- child       --> "edge",
                  <!-- position    --> 68.539787, -0.87503284, 7.0705218,
                  <!-- orientation -->   0.9176375900,   0.0573774990,  -0.3932545200,
                                         0.0510252490,   0.9643232800,   0.2597634200,
                                         0.3941290700,  -0.2584345900,   0.8819715400
               </part>
               <part>
                  <!-- parent      --> "Root",
                  <!-- child       --> "clouds",
                  <!-- position    --> -1.9073486e-6, -26.702877e-6, -17.17878e-6,
                  <!-- orientation -->   1.0000000000,  51.385530e-09,  42.288736e-09,
                                       -51.385545e-09,   1.0000000000,  312.49968e-09,
                                       -42.288718e-09, -312.49968e-09,   1.0000000000
               </part>
            </Fix>
         </Cons>
      </Cmpnd>
      <Material_library name="Material library">
         <Material_count name="Material count" type="int">9</Material_count>
         <stars03.tga>
            <Type type="text">DcDtEc</Type>
            <Dt_name type="text">stars03.tga</Dt_name>
            <Dt_flags type="int">0x40</Dt_flags>
            <Ec type="RGB">1, 1, 1</Ec>
         </stars03.tga>
         <stars_large01.tga>
            <Type type="text">DcDtEc</Type>
            <Dt_name type="text">stars_large01.tga</Dt_name>
            <Dt_flags type="int">0x40</Dt_flags>
            <Ec type="RGB">1, 1, 1</Ec>
         </stars_large01.tga>
         <galactic_belt01.tga>
            <Type type="text">Nebula</Type>
            <Dt_name type="text">galactic_belt01.tga</Dt_name>
            <Dt_flags type="int">0x40</Dt_flags>
            <Ec type="RGB">1, 1, 1</Ec>
         </galactic_belt01.tga>
         <neb_walker2.tga>
            <Type type="text">DcDtEcOcOt</Type>
            <Dt_name type="text">neb_walker2.tga</Dt_name>
            <Dt_flags type="int">0x40</Dt_flags>
            <Ec type="RGB">1, 1, 1</Ec>
            <Oc type="float">0.6</Oc>
         </neb_walker2.tga>
         <clouds_Li01.tga>
            <Type type="text">Nebula</Type>
            <Dt_name type="text">clouds_Li01.tga</Dt_name>
            <Dt_flags type="int">0x40</Dt_flags>
         </clouds_Li01.tga>
         <plaque_aurora03.tga>
            <Type type="text">DcDtEcOcOt</Type>
            <Dt_name type="text">plaque_aurora07.tgaplaque_aurora03.tga</Dt_name>
            <Dt_flags type="int">0x40</Dt_flags>
            <Ec type="RGB">0.97254908, 0.97254908, 0.97254908</Ec>
            <Oc type="float">0.5</Oc>
         </plaque_aurora03.tga>
         <crow_tile01.tga>
            <Type type="text">Nebula</Type>
            <Dt_name type="text">crow_tile01.tga</Dt_name>
            <Dt_flags type="int">0x40</Dt_flags>
         </crow_tile01.tga>
         <edge_tile.tga>
            <Type type="text">Nebula</Type>
            <Dt_name type="text">edge_tile01.tga</Dt_name>
            <Dt_flags type="int">0x40</Dt_flags>
         </edge_tile.tga>
         <clouds>
            <Type type="text">Nebula</Type>
            <Dt_name type="text">clouds_Li01.tga</Dt_name>
            <Dt_flags type="int">0x40</Dt_flags>
         </clouds>
      </Material_library>
      <Texture_library name="Texture library">
         <edge_tile01.tga>
            <MIPS type="file" filename="starsphere_li05_cmp\edge_tile01.dds"/>
         </edge_tile01.tga>
         <crow_tile01.tga>
            <MIPS type="file" filename="starsphere_li05_cmp\crow_tile01.dds"/>
         </crow_tile01.tga>
         <plaque_aurora07.tgaplaque_aurora03.tga>
            <MIPS type="file" filename="starsphere_li05_cmp\plaque_aurora07.tgaplaque_aurora03.dds"/>
         </plaque_aurora07.tgaplaque_aurora03.tga>
         <clouds_Li01.tga>
            <MIPS type="file" filename="starsphere_li05_cmp\clouds_Li01.dds"/>
         </clouds_Li01.tga>
         <neb_walker2.tga>
            <MIPS type="file" filename="starsphere_li05_cmp\neb_walker2.dds"/>
         </neb_walker2.tga>
         <galactic_belt01.tga>
            <MIP7 type="file" filename="starsphere_li05_cmp\galactic_belt01_mip7.tga"/>
            <MIP6 type="file" filename="starsphere_li05_cmp\galactic_belt01_mip6.tga"/>
            <MIP5 type="file" filename="starsphere_li05_cmp\galactic_belt01_mip5.tga"/>
            <MIP4 type="file" filename="starsphere_li05_cmp\galactic_belt01_mip4.tga"/>
            <MIP3 type="file" filename="starsphere_li05_cmp\galactic_belt01_mip3.tga"/>
            <MIP2 type="file" filename="starsphere_li05_cmp\galactic_belt01_mip2.tga"/>
            <MIP1 type="file" filename="starsphere_li05_cmp\galactic_belt01_mip1.tga"/>
            <MIP0 type="file" filename="starsphere_li05_cmp\galactic_belt01_mip0.tga"/>
         </galactic_belt01.tga>
         <stars_large01.tga>
            <MIP8 type="file" filename="starsphere_li05_cmp\stars_large01_mip8.tga"/>
            <MIP7 type="file" filename="starsphere_li05_cmp\stars_large01_mip7.tga"/>
            <MIP6 type="file" filename="starsphere_li05_cmp\stars_large01_mip6.tga"/>
            <MIP5 type="file" filename="starsphere_li05_cmp\stars_large01_mip5.tga"/>
            <MIP4 type="file" filename="starsphere_li05_cmp\stars_large01_mip4.tga"/>
            <MIP3 type="file" filename="starsphere_li05_cmp\stars_large01_mip3.tga"/>
            <MIP2 type="file" filename="starsphere_li05_cmp\stars_large01_mip2.tga"/>
            <MIP1 type="file" filename="starsphere_li05_cmp\stars_large01_mip1.tga"/>
            <MIP0 type="file" filename="starsphere_li05_cmp\stars_large01_mip0.tga"/>
         </stars_large01.tga>
         <stars03.tga>
            <MIP6 type="file" filename="starsphere_li05_cmp\stars03_mip6.tga"/>
            <MIP5 type="file" filename="starsphere_li05_cmp\stars03_mip5.tga"/>
            <MIP4 type="file" filename="starsphere_li05_cmp\stars03_mip4.tga"/>
            <MIP3 type="file" filename="starsphere_li05_cmp\stars03_mip3.tga"/>
            <MIP2 type="file" filename="starsphere_li05_cmp\stars03_mip2.tga"/>
            <MIP1 type="file" filename="starsphere_li05_cmp\stars03_mip1.tga"/>
            <MIP0 type="file" filename="starsphere_li05_cmp\stars03_mip0.tga"/>
         </stars03.tga>
      </Texture_library>
      <starsphere020702112356.3db>
         <VMeshPart>
            <VMeshRef type="VMeshRef">
               <!-- header size  --> 60,
               <!-- vmesh lib    --> data.solar.starsphere.starsphere_li05.lod0-102.vms,
               <!-- start vert   --> 297,
               <!-- num verts    --> 672,
               <!-- start index  --> 297,
               <!-- num indices  --> 672,
               <!-- start mesh   --> 3,
               <!-- num meshes   --> 1,
               <!-- bounding box -->   1.3248173,   0.56219959, -62.974674,
                                     -68.623955,  -48.423973,   -95.614037,
               <!-- center       --> -33.654369,  -23.494722,   -79.342476,
               <!-- radius       --> 42.266922
            </VMeshRef>
         </VMeshPart>
      </starsphere020702112356.3db>
      <Object28020702112356.3db>
         <VMeshPart>
            <VMeshRef type="VMeshRef">
               <!-- header size  --> 60,
               <!-- vmesh lib    --> data.solar.starsphere.starsphere_li05.lod0-102.vms,
               <!-- start vert   --> 2298,
               <!-- num verts    --> 105,
               <!-- start index  --> 2298,
               <!-- num indices  --> 105,
               <!-- start mesh   --> 8,
               <!-- num meshes   --> 2,
               <!-- bounding box --> 83.366638, -50.040703,  -0.50015253,
                                     26.983973, -95.117653, -49.90575,
               <!-- center       --> 55.011169, -72.855728, -22.680271,
               <!-- radius       --> 38.582687
            </VMeshRef>
         </VMeshPart>
      </Object28020702112356.3db>
      <Object09020702112356.3db>
         <VMeshPart>
            <VMeshRef type="VMeshRef">
               <!-- header size  --> 60,
               <!-- vmesh lib    --> data.solar.starsphere.starsphere_li05.lod0-102.vms,
               <!-- start vert   --> 5439,
               <!-- num verts    --> 57,
               <!-- start index  --> 5439,
               <!-- num indices  --> 57,
               <!-- start mesh   --> 30,
               <!-- num meshes   --> 1,
               <!-- bounding box --> 65.514305,  -30.351765, 88.468338,
                                      1.4347571, -49.283596, 61.433762,
               <!-- center       --> 33.037132,  -39.951633, 75.244102,
               <!-- radius       --> 34.976692
            </VMeshRef>
         </VMeshPart>
      </Object09020702112356.3db>
      <Object31020702112356.3db>
         <VMeshPart>
            <VMeshRef type="VMeshRef">
               <!-- header size  --> 60,
               <!-- vmesh lib    --> data.solar.starsphere.starsphere_li05.lod0-102.vms,
               <!-- start vert   --> 2895,
               <!-- num verts    --> 177,
               <!-- start index  --> 2895,
               <!-- num indices  --> 177,
               <!-- start mesh   --> 13,
               <!-- num meshes   --> 2,
               <!-- bounding box -->   1.3902911, -50.687992, 82.620201,
                                     -49.339619,  -97.834908, 15.717826,
               <!-- center       --> -20.345121,  -74.833801, 48.987186,
               <!-- radius       --> 43.438118
            </VMeshRef>
         </VMeshPart>
      </Object31020702112356.3db>
      <Object02020702112356.3db>
         <VMeshPart>
            <VMeshRef type="VMeshRef">
               <!-- header size  --> 60,
               <!-- vmesh lib    --> data.solar.starsphere.starsphere_li05.lod0-102.vms,
               <!-- start vert   --> 969,
               <!-- num verts    --> 435,
               <!-- start index  --> 969,
               <!-- num indices  --> 435,
               <!-- start mesh   --> 4,
               <!-- num meshes   --> 2,
               <!-- bounding box -->  -0.17791294,   0.75534821, -64.332855,
                                     -70.502739,   -47.15316,    -99.962524,
               <!-- center       --> -33.794834,   -19.814983,   -83.500267,
               <!-- radius       --> 41.63509
            </VMeshRef>
         </VMeshPart>
      </Object02020702112356.3db>
      <Object25020702112356.3db>
         <VMeshPart>
            <VMeshRef type="VMeshRef">
               <!-- header size  --> 60,
               <!-- vmesh lib    --> data.solar.starsphere.starsphere_li05.lod0-102.vms,
               <!-- start vert   --> 3195,
               <!-- num verts    --> 339,
               <!-- start index  --> 3195,
               <!-- num indices  --> 339,
               <!-- start mesh   --> 17,
               <!-- num meshes   --> 2,
               <!-- bounding box --> -66.773537,   0.52146745,   0.37265027,
                                     -99.371819, -48.423988,   -70.822746,
               <!-- center       --> -83.454727, -21.141197,   -34.60638,
               <!-- radius       --> 42.934891
            </VMeshRef>
         </VMeshPart>
      </Object25020702112356.3db>
      <Object07020702112356.3db>
         <VMeshPart>
            <VMeshRef type="VMeshRef">
               <!-- header size  --> 60,
               <!-- vmesh lib    --> data.solar.starsphere.starsphere_li05.lod0-102.vms,
               <!-- start vert   --> 1404,
               <!-- num verts    --> 894,
               <!-- start index  --> 1404,
               <!-- num indices  --> 894,
               <!-- start mesh   --> 6,
               <!-- num meshes   --> 2,
               <!-- bounding box --> 100.89855,    0.31142431,   0.033463869,
                                      66.164436, -47.153103,   -70.964432,
               <!-- center       -->  83.663086, -19.838493,   -36.045528,
               <!-- radius       --> 42.662426
            </VMeshRef>
         </VMeshPart>
      </Object07020702112356.3db>
      <Object08020702112356.3db>
         <VMeshPart>
            <VMeshRef type="VMeshRef">
               <!-- header size  --> 60,
               <!-- vmesh lib    --> data.solar.starsphere.starsphere_li05.lod0-102.vms,
               <!-- start vert   --> 2811,
               <!-- num verts    --> 84,
               <!-- start index  --> 2811,
               <!-- num indices  --> 84,
               <!-- start mesh   --> 12,
               <!-- num meshes   --> 1,
               <!-- bounding box --> -67.342606,   0.23491056, 58.774036,
                                     -99.619789, -48.423939,    0.65794742,
